NEM have 1339 points in total
NEM
0.602 0.6012 0.5987 0.5987 0.5887 0.5813 0.5763 0.5697 0.5622 0.5506 0.5357 0.524 0.5207 0.5216 0.5207 0.5191 0.5191 0.5191 0.602
JEC have 1339 points in total
JEC
0.5381 0.5373 0.5357 0.534 0.5357 0.5299 0.529 0.5282 0.5257 0.5257 0.5199 0.5199 0.5191 0.5174 0.5149 0.5141 0.5141 0.5141 0.5381
MPC have 500 points in total
MPC
0.6689 0.6689 0.6667 0.6667 0.6533 0.6378 0.6333 0.6133 0.6067 0.5889 0.5689 0.5644 0.56 0.56 0.56 0.56 0.56 0.56 0.6689
AEE have 1339 points in total
AEE
0.5473 0.5473 0.5473 0.5464 0.5473 0.5464 0.5431 0.5448 0.5431 0.5398 0.5182 0.5174 0.5141 0.5141 0.5141 0.5141 0.5141 0.5141 0.5473
MUR have 1339 points in total
MUR
0.6061 0.6036 0.6028 0.5987 0.5954 0.5829 0.5763 0.573 0.573 0.5697 0.5323 0.5274 0.5158 0.5091 0.5066 0.5066 0.5075 0.5058 0.6061
QLGC have 443 points in total
QLGC
0.5915 0.589 0.589 0.589 0.584 0.5815 0.5815 0.5764 0.5764 0.5714 0.5514 0.5489 0.5489 0.5489 0.5514 0.5489 0.5539 0.5439 0.5915
F have 1339 points in total
F
0.631 0.6294 0.6302 0.626 0.6227 0.6153 0.6119 0.6045 0.5962 0.5945 0.5697 0.5564 0.5406 0.5381 0.5373 0.5373 0.529 0.5323 0.631
NKE have 1339 points in total
NKE
0.665 0.6658 0.665 0.6658 0.6509 0.6426 0.6393 0.6235 0.6186 0.6128 0.5755 0.558 0.5481 0.495 0.495 0.4942 0.4884 0.4859 0.6658
DVN have 1339 points in total
DVN
0.5995 0.602 0.6045 0.6045 0.592 0.5804 0.5771 0.5738 0.5688 0.5614 0.539 0.5299 0.5249 0.5191 0.5166 0.5166 0.5166 0.5091 0.6045
ATI have 1339 points in total
ATI
0.5448 0.5448 0.5448 0.5439 0.5415 0.5357 0.534 0.5315 0.5299 0.5282 0.5174 0.5124 0.5116 0.5083 0.5083 0.5083 0.5083 0.5083 0.5448
HOT have 1339 points in total
HOT
0.6153 0.6144 0.6144 0.6161 0.6095 0.5987 0.5937 0.5871 0.5813 0.5763 0.5489 0.5448 0.5415 0.5315 0.5282 0.5232 0.5141 0.5133 0.6161
CTL have 1339 points in total
CTL
0.5871 0.5862 0.5871 0.5862 0.5821 0.5796 0.5738 0.5721 0.5697 0.5663 0.5522 0.539 0.5381 0.5373 0.5357 0.5357 0.5365 0.5365 0.5871
TMO have 1339 points in total
TMO
0.5663 0.5655 0.5663 0.5655 0.5622 0.5572 0.5556 0.5522 0.5498 0.5473 0.539 0.5274 0.5224 0.5224 0.5174 0.5174 0.5174 0.5174 0.5663
MOT have 446 points in total
MOT
0.5299 0.5299 0.5299 0.5299 0.5274 0.5274 0.5274 0.5274 0.5274 0.5274 0.5274 0.5274 0.5274 0.5274 0.5274 0.5274 0.5274 0.5274 0.5299
NTAP have 1338 points in total
NTAP
0.6207 0.6191 0.6174 0.6174 0.6075 0.5934 0.5859 0.5834 0.5793 0.5701 0.5436 0.5378 0.5328 0.5278 0.5286 0.5253 0.5187 0.5261 0.6207
NOC have 1339 points in total
NOC
0.6343 0.6343 0.6343 0.6376 0.6352 0.6177 0.6161 0.6111 0.6078 0.602 0.563 0.5514 0.5423 0.5307 0.524 0.5249 0.5249 0.5249 0.6376
TSO have 1339 points in total
TSO
0.7065 0.7073 0.704 0.6949 0.6808 0.6609 0.6559 0.6501 0.6426 0.6318 0.5929 0.5771 0.573 0.5672 0.5589 0.5564 0.5514 0.5522 0.7073
CAG have 1339 points in total
CAG
0.5929 0.5929 0.5929 0.5929 0.5896 0.5813 0.5771 0.573 0.5688 0.5672 0.5547 0.5456 0.5406 0.539 0.539 0.539 0.539 0.539 0.5929
ESRX have 1338 points in total
ESRX
0.6232 0.6232 0.6224 0.6232 0.6116 0.6041 0.6017 0.5959 0.5925 0.5892 0.5535 0.5452 0.5419 0.5353 0.488 0.4838 0.4838 0.4871 0.6232
SNA have 1339 points in total
SNA
0.534 0.534 0.5348 0.5348 0.5348 0.5323 0.534 0.534 0.5332 0.5332 0.5232 0.5224 0.5224 0.5224 0.5224 0.5224 0.5224 0.5224 0.5348
LLTC have 1338 points in total
LLTC
0.5635 0.561 0.5593 0.5568 0.5527 0.551 0.5494 0.5485 0.5469 0.5427 0.5303 0.517 0.5095 0.5145 0.5162 0.5112 0.5112 0.5112 0.5635
XLNX have 1338 points in total
XLNX
0.5718 0.5726 0.5726 0.5726 0.571 0.5602 0.5577 0.5535 0.551 0.5477 0.5369 0.5237 0.5237 0.5237 0.5261 0.522 0.5212 0.5212 0.5726
GPS have 1339 points in total
GPS
0.6973 0.6949 0.6915 0.6924 0.6824 0.6675 0.6542 0.6434 0.6459 0.6443 0.5829 0.5614 0.5572 0.5564 0.5572 0.5506 0.5464 0.5373 0.6973
PCAR have 1338 points in total
PCAR
0.5245 0.5245 0.5237 0.5237 0.5203 0.5187 0.5162 0.5137 0.5104 0.5087 0.4946 0.4963 0.4963 0.4963 0.4963 0.4963 0.4963 0.4963 0.5245
VNO have 1339 points in total
VNO
0.6036 0.6028 0.602 0.6028 0.5995 0.592 0.5904 0.5871 0.5796 0.568 0.5439 0.5373 0.5323 0.5274 0.5282 0.5282 0.5282 0.5282 0.6036
WYN have 1339 points in total
WYN
0.5514 0.5522 0.5522 0.5514 0.5498 0.5249 0.5224 0.5216 0.5166 0.5158 0.5066 0.5017 0.5033 0.4967 0.4967 0.4967 0.4967 0.4967 0.5522
RTN have 1339 points in total
RTN
0.5846 0.5837 0.5837 0.5829 0.5738 0.563 0.5564 0.5564 0.5531 0.5506 0.5348 0.529 0.5174 0.5174 0.5158 0.5166 0.5166 0.5166 0.5846
AKS have 356 points in total
AKS
0.6199 0.6231 0.6231 0.6231 0.6137 0.6044 0.5888 0.5763 0.5763 0.5701 0.5452 0.5389 0.5389 0.5389 0.5389 0.5389 0.5389 0.5389 0.6231
DLPH have 398 points in total
DLPH
0.585 0.585 0.585 0.585 0.585 0.5766 0.5766 0.5766 0.5766 0.5766 0.5655 0.5655 0.5655 0.5655 0.5655 0.5655 0.5655 0.5655 0.585
SPLS have 1338 points in total
SPLS
0.5934 0.5934 0.5959 0.5975 0.5934 0.5917 0.5859 0.5834 0.5776 0.5751 0.5477 0.5378 0.5328 0.5278 0.5195 0.5203 0.517 0.5178 0.5975
NRG have 1124 points in total
NRG
0.6107 0.6117 0.6097 0.6097 0.6028 0.5958 0.586 0.585 0.581 0.5791 0.5455 0.5366 0.5326 0.5277 0.5168 0.5168 0.5168 0.5168 0.6117
CSC have 1339 points in total
CSC
0.5746 0.5738 0.573 0.573 0.5713 0.5672 0.5638 0.563 0.5605 0.5547 0.5415 0.534 0.5265 0.5282 0.5257 0.5257 0.5257 0.5282 0.5746
EBAY have 1338 points in total
EBAY
0.6365 0.6365 0.6332 0.6315 0.6307 0.6224 0.6174 0.6108 0.605 0.5942 0.5585 0.5494 0.5485 0.5361 0.5328 0.5278 0.5187 0.5145 0.6365
UIS have 181 points in total
UIS
0.5276 0.5276 0.5276 0.5276 0.5276 0.5276 0.5276 0.5276 0.5276 0.5276 0.5276 0.5276 0.5276 0.5276 0.5276 0.5276 0.5276 0.5276 0.5276
AXP have 1339 points in total
AXP
0.7297 0.7148 0.7156 0.7172 0.7148 0.704 0.6982 0.6857 0.6741 0.6642 0.6003 0.5672 0.5423 0.5299 0.5282 0.5199 0.5199 0.5199 0.7297
ACAS have 249 points in total
ACAS
0.5956 0.5956 0.5956 0.5956 0.5956 0.5911 0.5911 0.5867 0.5822 0.5733 0.56 0.56 0.56 0.56 0.56 0.56 0.56 0.56 0.5956
HSY have 1339 points in total
HSY
0.5771 0.5771 0.5763 0.5755 0.5705 0.5647 0.5605 0.5556 0.5539 0.5547 0.5398 0.529 0.524 0.524 0.524 0.524 0.5232 0.5224 0.5771
WY have 1339 points in total
WY
0.5896 0.5896 0.5887 0.5879 0.5837 0.5796 0.5771 0.5746 0.5738 0.573 0.563 0.558 0.5464 0.5423 0.5423 0.5381 0.5381 0.5381 0.5896
HAL have 1339 points in total
HAL
0.6551 0.6542 0.6551 0.6567 0.6501 0.6393 0.6368 0.6335 0.6269 0.6202 0.5763 0.5539 0.539 0.5182 0.5124 0.5141 0.5124 0.5124 0.6567
WFT have 250 points in total
WFT
0.5067 0.5067 0.5067 0.5067 0.5022 0.5022 0.5022 0.5022 0.5022 0.5022 0.5022 0.5022 0.5022 0.5022 0.5022 0.5022 0.5022 0.5022 0.5067
RF have 1339 points in total
RF
0.6559 0.6517 0.6534 0.6517 0.6501 0.6368 0.6244 0.6169 0.6169 0.6053 0.563 0.5622 0.5415 0.5357 0.5299 0.524 0.5224 0.5224 0.6559
AMP have 1339 points in total
AMP
0.592 0.5929 0.5954 0.5937 0.5887 0.5846 0.5771 0.5771 0.5738 0.5713 0.5539 0.5473 0.5365 0.5282 0.5282 0.5257 0.5257 0.5257 0.5954
LNC have 1339 points in total
LNC
0.6003 0.6012 0.6028 0.602 0.5962 0.5871 0.5779 0.5755 0.573 0.5688 0.5506 0.5332 0.5224 0.5199 0.5108 0.5091 0.5091 0.5091 0.6028
GS have 1339 points in total
GS
0.51 0.5116 0.5124 0.5116 0.5116 0.5108 0.5108 0.5108 0.5108 0.51 0.5083 0.5058 0.5058 0.5058 0.5058 0.5066 0.5066 0.5041 0.5124
V have 1124 points in total
V
0.6759 0.6749 0.6739 0.67 0.664 0.6453 0.6453 0.6393 0.6304 0.6215 0.582 0.5751 0.5642 0.5553 0.5593 0.5563 0.5494 0.5484 0.6759
COH have 1339 points in total
COH
0.5837 0.5846 0.5821 0.5821 0.5804 0.5721 0.5655 0.5614 0.5572 0.5539 0.534 0.5307 0.5232 0.5232 0.5191 0.5191 0.5191 0.5182 0.5846
BDX have 1339 points in total
BDX
0.5705 0.5697 0.5697 0.5697 0.5672 0.5614 0.5597 0.558 0.5564 0.5564 0.5448 0.5365 0.5373 0.534 0.5323 0.5307 0.5307 0.5307 0.5705
AEP have 1339 points in total
AEP
0.5995 0.5995 0.6003 0.5987 0.5871 0.5813 0.5771 0.573 0.5697 0.5647 0.5522 0.5406 0.5274 0.5232 0.5257 0.5257 0.529 0.5265 0.6003
USB have 1339 points in total
USB
0.6949 0.694 0.6932 0.6907 0.6841 0.6716 0.6584 0.6517 0.6443 0.6385 0.5854 0.5638 0.5456 0.5249 0.5207 0.5116 0.5124 0.5066 0.6949
EOG have 1339 points in total
EOG
0.5721 0.5721 0.5688 0.5672 0.563 0.5547 0.5539 0.5506 0.5489 0.5473 0.5265 0.5224 0.5182 0.5116 0.5116 0.5116 0.5116 0.5116 0.5721
CA have 1339 points in total
CA
0.5771 0.5771 0.5804 0.5779 0.5721 0.5663 0.5589 0.5539 0.5556 0.5531 0.539 0.5315 0.5348 0.534 0.5323 0.5323 0.5323 0.5323 0.5804
RL have 1339 points in total
RL
0.5224 0.5224 0.5224 0.5207 0.5191 0.5141 0.5133 0.5133 0.5091 0.5066 0.505 0.5058 0.505 0.5058 0.5058 0.5058 0.5058 0.5058 0.5224
MOS have 1124 points in total
MOS
0.5326 0.5316 0.5306 0.5296 0.5277 0.5257 0.5257 0.5247 0.5247 0.5257 0.5168 0.5059 0.5049 0.5049 0.5049 0.5049 0.5049 0.5049 0.5326
AIG have 1339 points in total
AIG
0.6584 0.6609 0.6584 0.6592 0.6501 0.6443 0.6393 0.6343 0.6302 0.6277 0.5929 0.568 0.5514 0.5431 0.5299 0.5149 0.5141 0.5141 0.6609
DYN have 288 points in total
DYN
0.5231 0.5231 0.5231 0.5231 0.5231 0.5231 0.5231 0.5231 0.5231 0.5231 0.5231 0.5231 0.5231 0.5231 0.5231 0.5231 0.5231 0.5231 0.5231
OMC have 1339 points in total
OMC
0.6119 0.6111 0.6078 0.6086 0.6028 0.592 0.5896 0.5829 0.5837 0.5796 0.5564 0.5481 0.5464 0.5423 0.5423 0.5431 0.5357 0.5348 0.6119
PSX have 299 points in total
PSX
0.6778 0.6778 0.6778 0.6778 0.6704 0.663 0.663 0.6593 0.6296 0.6296 0.5889 0.5481 0.5333 0.5333 0.5333 0.5333 0.5111 0.5111 0.6778
NU have 1124 points in total
NU
0.5603 0.5603 0.5603 0.5603 0.5563 0.5543 0.5524 0.5504 0.5474 0.5474 0.5395 0.5336 0.5326 0.5267 0.5257 0.5257 0.5257 0.5257 0.5603
GGP have 181 points in total
GGP
0.546 0.546 0.546 0.546 0.546 0.5337 0.5337 0.5337 0.5337 0.5337 0.5337 0.5337 0.5337 0.5337 0.5337 0.5337 0.5337 0.5337 0.546
NI have 1339 points in total
NI
0.5672 0.5672 0.5663 0.5672 0.5655 0.5622 0.5605 0.5589 0.5572 0.5572 0.5522 0.5448 0.5464 0.5439 0.5439 0.5439 0.5439 0.5439 0.5672
DPS have 1178 points in total
DPS
0.5749 0.5749 0.573 0.574 0.5664 0.5617 0.5608 0.5598 0.5561 0.5485 0.5306 0.524 0.5184 0.5156 0.5165 0.5156 0.5146 0.5146 0.5749
KEY have 1339 points in total
KEY
0.6352 0.6343 0.6343 0.6318 0.6285 0.6128 0.6036 0.6003 0.602 0.5978 0.5589 0.5489 0.5456 0.5398 0.5423 0.5398 0.5348 0.5315 0.6352
MCO have 1339 points in total
MCO
0.6716 0.6716 0.67 0.6675 0.665 0.6551 0.6493 0.6434 0.6318 0.6227 0.5638 0.5439 0.524 0.5224 0.5182 0.5182 0.5174 0.5166 0.6716
GME have 1339 points in total
GME
0.6045 0.6053 0.6053 0.6045 0.5978 0.5879 0.5829 0.5779 0.5763 0.573 0.5564 0.5423 0.5332 0.5299 0.5249 0.524 0.5149 0.5141 0.6053
SEE have 1339 points in total
SEE
0.5398 0.539 0.5381 0.5381 0.5348 0.5323 0.5323 0.5315 0.5315 0.5299 0.524 0.5216 0.5191 0.5182 0.5191 0.5191 0.5191 0.5191 0.5398
WAT have 1339 points in total
WAT
0.5531 0.5531 0.5531 0.5531 0.5522 0.5481 0.5481 0.5473 0.5473 0.5464 0.5448 0.5365 0.5357 0.5357 0.5357 0.5357 0.5357 0.5357 0.5531
DISCA have 1124 points in total
DISCA
0.5879 0.587 0.587 0.584 0.581 0.5741 0.5711 0.5702 0.5682 0.5662 0.5534 0.5455 0.5385 0.5385 0.5385 0.5385 0.5385 0.5385 0.5879
CMA have 1339 points in total
CMA
0.5804 0.5804 0.5796 0.5788 0.5755 0.5663 0.5614 0.5572 0.5531 0.5448 0.5365 0.5274 0.5224 0.5199 0.5083 0.5083 0.5041 0.5041 0.5804
AON have 1124 points in total
AON
0.5791 0.581 0.5791 0.5781 0.5731 0.5682 0.5672 0.5662 0.5652 0.5623 0.5415 0.5366 0.5385 0.5366 0.5366 0.5356 0.5356 0.5356 0.581
WM have 1275 points in total
WM
0.5714 0.5714 0.5714 0.5714 0.5679 0.5671 0.5671 0.5645 0.561 0.5592 0.5479 0.5436 0.5409 0.5322 0.5322 0.5322 0.5322 0.5322 0.5714
RRD have 446 points in total
RRD
0.5423 0.5423 0.5423 0.5423 0.5398 0.5373 0.5373 0.5348 0.5348 0.5348 0.5124 0.5124 0.505 0.505 0.505 0.505 0.505 0.5075 0.5423
TXN have 1339 points in total
TXN
0.7081 0.7106 0.704 0.7032 0.6982 0.6833 0.6774 0.67 0.6609 0.6534 0.6103 0.5904 0.568 0.5622 0.5539 0.5464 0.5406 0.5299 0.7106
EW have 1124 points in total
EW
0.5721 0.5721 0.5711 0.5702 0.5702 0.5632 0.5632 0.5623 0.5603 0.5553 0.5464 0.5415 0.5356 0.5287 0.5287 0.5287 0.5287 0.5287 0.5721
NYT have 446 points in total
NYT
0.7065 0.7065 0.704 0.7065 0.699 0.6741 0.6617 0.6443 0.6343 0.6269 0.5597 0.5299 0.5249 0.5199 0.5199 0.5149 0.5149 0.5149 0.7065
BLL have 1339 points in total
BLL
0.5348 0.5348 0.5348 0.534 0.5315 0.5307 0.529 0.529 0.5282 0.5282 0.5191 0.5149 0.5133 0.5133 0.5133 0.5133 0.5133 0.5133 0.5348
FLS have 1184 points in total
FLS
0.5544 0.5544 0.5544 0.5553 0.5497 0.5432 0.5441 0.5413 0.5413 0.5413 0.5347 0.5338 0.5338 0.5263 0.5225 0.5225 0.5225 0.5225 0.5553
SE have 1339 points in total
SE
0.5912 0.592 0.5904 0.5896 0.5854 0.5829 0.5821 0.5813 0.5813 0.5771 0.568 0.5614 0.5456 0.5456 0.5456 0.5431 0.5406 0.5406 0.592
FDX have 1339 points in total
FDX
0.6683 0.6675 0.6692 0.665 0.6542 0.6327 0.6244 0.6177 0.6103 0.597 0.563 0.5514 0.539 0.534 0.5299 0.5265 0.5174 0.5158 0.6692
ADM have 1339 points in total
ADM
0.5929 0.5945 0.5945 0.5945 0.5896 0.5796 0.5771 0.5697 0.5663 0.5622 0.5381 0.5149 0.5133 0.5191 0.5182 0.5174 0.5182 0.5124 0.5945
DOW have 1339 points in total
DOW
0.6318 0.6327 0.6302 0.6318 0.626 0.6128 0.6086 0.6045 0.5995 0.5945 0.568 0.5564 0.5464 0.5381 0.539 0.5357 0.5357 0.5299 0.6327
BAX have 1339 points in total
BAX
0.5978 0.5978 0.597 0.5978 0.5879 0.5846 0.5821 0.5821 0.5804 0.5713 0.5539 0.5398 0.5381 0.5357 0.5323 0.5307 0.529 0.529 0.5978
AES have 1339 points in total
AES
0.5804 0.5788 0.5779 0.5779 0.5738 0.5622 0.5605 0.5556 0.5556 0.5489 0.534 0.5274 0.524 0.524 0.524 0.524 0.524 0.524 0.5804
TER have 1339 points in total
TER
0.5332 0.5323 0.5323 0.5323 0.5315 0.5282 0.5257 0.5232 0.5182 0.5174 0.5008 0.4867 0.4859 0.4859 0.4859 0.4859 0.4859 0.4859 0.5332
SLM have 1339 points in total
SLM
0.592 0.5929 0.5929 0.592 0.5862 0.5813 0.5804 0.5771 0.5713 0.563 0.5357 0.5265 0.5166 0.5158 0.5158 0.5158 0.5158 0.5158 0.5929
WFM have 1124 points in total
WFM
0.5958 0.5978 0.5939 0.5958 0.586 0.5771 0.5741 0.5692 0.5652 0.5632 0.5336 0.5296 0.5287 0.5277 0.5267 0.5257 0.5257 0.5257 0.5978
ACE have 1234 points in total
ACE
0.5545 0.5554 0.5545 0.5554 0.5527 0.5437 0.541 0.5365 0.5338 0.5311 0.5203 0.5167 0.5194 0.5185 0.5185 0.5185 0.5185 0.5185 0.5554
CTX have 250 points in total
CTX
0.5289 0.5289 0.5289 0.5289 0.5289 0.5289 0.5289 0.5289 0.5289 0.5289 0.5289 0.5289 0.5289 0.5289 0.5289 0.5289 0.5289 0.5289 0.5289
UST have 214 points in total
UST
0.5026 0.5026 0.5026 0.5026 0.5026 0.5026 0.5026 0.5026 0.5026 0.5026 0.5026 0.5026 0.5026 0.5026 0.5026 0.5026 0.5026 0.5026 0.5026
PSA have 1339 points in total
PSA
0.5456 0.5448 0.5448 0.5439 0.5431 0.5398 0.539 0.5365 0.5348 0.5332 0.5315 0.5199 0.5199 0.5199 0.5199 0.5199 0.5199 0.5199 0.5456
LUV have 1339 points in total
LUV
0.7355 0.7396 0.7413 0.7363 0.7255 0.7081 0.6982 0.6874 0.6766 0.6708 0.6153 0.5945 0.5738 0.5622 0.5439 0.5257 0.5133 0.51 0.7413
SCG have 1124 points in total
SCG
0.5415 0.5415 0.5405 0.5405 0.5395 0.5326 0.5316 0.5316 0.5306 0.5306 0.5237 0.5247 0.5247 0.5247 0.5247 0.5247 0.5247 0.5247 0.5415
A have 1124 points in total
A
0.5751 0.5741 0.5731 0.5731 0.5672 0.5662 0.5613 0.5603 0.5543 0.5504 0.5346 0.5346 0.5316 0.5306 0.5306 0.5306 0.5306 0.5306 0.5751
EMN have 1339 points in total
EMN
0.5481 0.5481 0.5456 0.5448 0.5423 0.5381 0.539 0.539 0.5381 0.5373 0.5224 0.5191 0.5158 0.5158 0.5158 0.5158 0.5158 0.5158 0.5481
PBI have 1339 points in total
PBI
0.5464 0.5439 0.5439 0.5439 0.5431 0.5398 0.539 0.5381 0.5373 0.5357 0.529 0.5199 0.5141 0.5141 0.5141 0.5141 0.5141 0.5141 0.5464
STR have 437 points in total
STR
0.5355 0.5355 0.5381 0.5355 0.5228 0.5203 0.5203 0.5254 0.5228 0.5152 0.5152 0.5102 0.4975 0.4975 0.4975 0.4975 0.4975 0.4975 0.5381
TSS have 1339 points in total
TSS
0.5514 0.5522 0.5522 0.5531 0.5531 0.5481 0.5481 0.5456 0.5448 0.5415 0.5332 0.5348 0.5348 0.5282 0.5282 0.5282 0.5282 0.5282 0.5531
PAYX have 1338 points in total
PAYX
0.5643 0.5643 0.5651 0.5651 0.5635 0.5593 0.5593 0.5585 0.5593 0.5568 0.5461 0.5452 0.5436 0.5427 0.5394 0.5394 0.5394 0.5394 0.5651
HAS have 1339 points in total
HAS
0.5887 0.5896 0.5896 0.5887 0.5879 0.5796 0.5779 0.5755 0.5721 0.5721 0.5547 0.5522 0.5456 0.5348 0.529 0.529 0.529 0.529 0.5896
COG have 1255 points in total
COG
0.5717 0.5717 0.5708 0.5708 0.5664 0.5611 0.5566 0.554 0.5504 0.5425 0.523 0.5142 0.515 0.5124 0.5133 0.5133 0.5133 0.5133 0.5717
HRB have 1339 points in total
HRB
0.5978 0.6003 0.5978 0.5962 0.5879 0.5837 0.5779 0.5746 0.5697 0.5663 0.5431 0.5381 0.5348 0.5265 0.5282 0.5299 0.5299 0.5299 0.6003
UPS have 1339 points in total
UPS
0.6285 0.6302 0.6285 0.6277 0.6244 0.6169 0.6111 0.6078 0.6003 0.5962 0.5589 0.5332 0.5282 0.5182 0.5174 0.5133 0.5116 0.5091 0.6302
MRK have 1339 points in total
MRK
0.6443 0.6493 0.6493 0.6459 0.6484 0.6401 0.6335 0.6269 0.6161 0.6103 0.563 0.5406 0.5274 0.5133 0.5066 0.5066 0.505 0.505 0.6493
FIS have 1339 points in total
FIS
0.5746 0.5755 0.5746 0.5755 0.5721 0.5705 0.5705 0.5688 0.5688 0.5597 0.5498 0.5464 0.5381 0.5357 0.5348 0.5348 0.5348 0.5348 0.5755
K have 1339 points in total
K
0.6086 0.6086 0.6086 0.6078 0.6028 0.597 0.5929 0.5912 0.5879 0.5788 0.5489 0.5439 0.539 0.5332 0.5332 0.5323 0.5323 0.534 0.6086
GRMN have 1124 points in total
GRMN
0.5543 0.5543 0.5534 0.5534 0.5534 0.5474 0.5474 0.5484 0.5464 0.5425 0.5346 0.5336 0.5326 0.5326 0.5326 0.5326 0.5326 0.5326 0.5543
BK have 1338 points in total
BK
0.6722 0.6714 0.6689 0.6589 0.6515 0.6382 0.6299 0.6257 0.6158 0.6116 0.5784 0.556 0.5444 0.5286 0.5203 0.5137 0.5154 0.512 0.6722
JNS have 446 points in total
JNS
0.5995 0.5995 0.597 0.597 0.5945 0.592 0.5871 0.5721 0.5697 0.5647 0.5473 0.5124 0.51 0.51 0.51 0.51 0.51 0.51 0.5995
PRU have 1339 points in total
PRU
0.6633 0.6642 0.6592 0.6617 0.6551 0.6418 0.636 0.6327 0.6252 0.6252 0.5804 0.5498 0.5415 0.5315 0.5332 0.5332 0.5315 0.5224 0.6642
ABC have 1339 points in total
ABC
0.5672 0.5647 0.5638 0.5647 0.5647 0.5597 0.5539 0.5539 0.5514 0.5489 0.5398 0.5315 0.5299 0.5274 0.529 0.5282 0.5282 0.5282 0.5672
FITB have 1338 points in total
FITB
0.639 0.6382 0.6365 0.6382 0.634 0.6216 0.61 0.6091 0.6025 0.5967 0.5734 0.5577 0.5419 0.5361 0.5203 0.5195 0.5154 0.5137 0.639
OXY have 1339 points in total
OXY
0.6045 0.602 0.602 0.6003 0.5987 0.5896 0.5813 0.5788 0.5746 0.5746 0.5647 0.5506 0.5464 0.5381 0.5348 0.5282 0.5265 0.5282 0.6045
ANF have 1339 points in total
ANF
0.6451 0.6434 0.6443 0.6426 0.6343 0.6144 0.6053 0.6003 0.5929 0.5929 0.5564 0.5464 0.5365 0.5323 0.5323 0.5299 0.5299 0.529 0.6451
CMCSA have 1338 points in total
CMCSA
0.6747 0.6556 0.6548 0.6548 0.649 0.6407 0.6365 0.6257 0.6133 0.605 0.5552 0.5237 0.5187 0.5071 0.5012 0.4979 0.4913 0.4954 0.6747
VAR have 1339 points in total
VAR
0.5464 0.5464 0.5456 0.5439 0.5415 0.5348 0.5332 0.5315 0.5307 0.5282 0.5265 0.5216 0.5207 0.5207 0.5191 0.5191 0.5191 0.5191 0.5464
BEN have 1339 points in total
BEN
0.5879 0.5871 0.5854 0.5837 0.5804 0.5713 0.568 0.568 0.5655 0.5614 0.5498 0.5415 0.5332 0.529 0.5274 0.5274 0.5274 0.5274 0.5879
SWN have 1267 points in total
SWN
0.5802 0.5635 0.5627 0.5618 0.5583 0.5539 0.5521 0.5513 0.5451 0.5408 0.5311 0.5241 0.5206 0.511 0.5039 0.5013 0.5013 0.5013 0.5802
APH have 1184 points in total
APH
0.5169 0.5169 0.5159 0.515 0.5131 0.5103 0.5094 0.5084 0.5084 0.5084 0.5028 0.5028 0.5028 0.5028 0.5028 0.5028 0.5028 0.5028 0.5169
BA have 1339 points in total
BA
0.5755 0.5755 0.5763 0.5755 0.5771 0.5738 0.573 0.5713 0.5688 0.5647 0.5448 0.529 0.524 0.5249 0.5249 0.5232 0.5199 0.5199 0.5771
BAC have 1339 points in total
BAC
0.5357 0.5357 0.5373 0.5373 0.5373 0.5365 0.5365 0.5373 0.5381 0.539 0.5307 0.529 0.5257 0.5216 0.5207 0.5116 0.5116 0.5116 0.539
FDO have 1339 points in total
FDO
0.5937 0.5929 0.5929 0.592 0.5887 0.5763 0.5746 0.5705 0.5688 0.5622 0.5415 0.5332 0.524 0.5232 0.5174 0.5174 0.5174 0.5174 0.5937
GAS have 1339 points in total
GAS
0.5614 0.5614 0.5614 0.5614 0.5605 0.5614 0.5605 0.5605 0.5605 0.5597 0.5597 0.5556 0.5531 0.5531 0.5506 0.5506 0.5498 0.5498 0.5614
CTAS have 1338 points in total
CTAS
0.5593 0.5602 0.5602 0.5593 0.5577 0.5544 0.5527 0.5519 0.551 0.551 0.5328 0.5336 0.5336 0.5328 0.532 0.532 0.532 0.532 0.5602
AMT have 1339 points in total
AMT
0.5083 0.5083 0.5083 0.5083 0.5083 0.5058 0.5058 0.5058 0.5058 0.505 0.5033 0.5033 0.5033 0.5033 0.5033 0.5033 0.5033 0.5033 0.5083
TJX have 1339 points in total
TJX
0.5978 0.5995 0.5995 0.5962 0.5896 0.5813 0.5821 0.5763 0.5755 0.5638 0.5473 0.5373 0.5365 0.5332 0.5332 0.5265 0.5249 0.5249 0.5995
SIAL have 1338 points in total
SIAL
0.5369 0.5369 0.5361 0.5378 0.5344 0.5328 0.5336 0.5328 0.5336 0.5303 0.5228 0.5178 0.5178 0.5178 0.5178 0.5178 0.5178 0.5178 0.5378
PEP have 1339 points in total
PEP
0.6973 0.699 0.7032 0.6998 0.6891 0.6692 0.6617 0.6559 0.6451 0.6327 0.5879 0.5638 0.5498 0.5323 0.4942 0.495 0.4925 0.4925 0.7032
PLD have 1339 points in total
PLD
0.5498 0.5498 0.5498 0.5498 0.5481 0.5464 0.5464 0.5464 0.5464 0.5464 0.5406 0.5406 0.5381 0.5373 0.5373 0.5373 0.5373 0.5373 0.5498
CVS have 1339 points in total
CVS
0.6443 0.6451 0.6451 0.6476 0.6443 0.6368 0.6302 0.6227 0.6186 0.6119 0.5771 0.5647 0.5547 0.5522 0.5415 0.5365 0.5323 0.5299 0.6476
MSI have 1124 points in total
MSI
0.586 0.587 0.586 0.586 0.582 0.5711 0.5682 0.5652 0.5346 0.5346 0.5188 0.5138 0.5336 0.5287 0.5287 0.5287 0.5287 0.5287 0.587
MKC have 1339 points in total
MKC
0.5746 0.573 0.5721 0.5721 0.5721 0.5697 0.5688 0.5688 0.5688 0.5663 0.5539 0.5539 0.5539 0.5539 0.5539 0.5539 0.5539 0.5539 0.5746
EQT have 1131 points in total
EQT
0.5452 0.5452 0.5462 0.5452 0.5432 0.5403 0.5373 0.5344 0.5344 0.5344 0.5226 0.5236 0.5236 0.5236 0.5236 0.5236 0.5236 0.5236 0.5462
MAS have 1339 points in total
MAS
0.5431 0.5423 0.5423 0.5406 0.5398 0.5398 0.5381 0.5381 0.5381 0.5332 0.5199 0.5158 0.5158 0.5141 0.5141 0.5141 0.5141 0.5141 0.5431
EDS have 127 points in total
EDS
0.5478 0.5478 0.5478 0.5478 0.5478 0.5478 0.5478 0.5478 0.5478 0.5478 0.5478 0.5478 0.5478 0.5478 0.5478 0.5478 0.5478 0.5478 0.5478
RSH have 446 points in total
RSH
0.5896 0.5896 0.5896 0.5896 0.5896 0.5871 0.5796 0.5771 0.5746 0.5697 0.5448 0.5373 0.5299 0.5299 0.5373 0.5373 0.5373 0.5373 0.5896
BBT have 1339 points in total
BBT
0.6426 0.6401 0.6426 0.6418 0.631 0.6128 0.6095 0.6078 0.6003 0.5962 0.5547 0.5514 0.5381 0.5323 0.5265 0.5249 0.5224 0.5224 0.6426
MCHP have 1338 points in total
MCHP
0.5303 0.5303 0.532 0.532 0.5311 0.5295 0.5386 0.5378 0.5353 0.5311 0.5195 0.5203 0.5154 0.5145 0.5154 0.5154 0.5162 0.5162 0.5386
FE have 1339 points in total
FE
0.5738 0.573 0.5713 0.5705 0.5672 0.563 0.5597 0.5564 0.5522 0.5506 0.5381 0.5299 0.529 0.5257 0.5216 0.5207 0.5199 0.5199 0.5738
FSLR have 1124 points in total
FSLR
0.6502 0.6512 0.6522 0.6542 0.6502 0.6364 0.6294 0.6235 0.6196 0.6097 0.5642 0.5445 0.5455 0.5336 0.5079 0.504 0.504 0.504 0.6542
MRO have 1339 points in total
MRO
0.7305 0.7231 0.7222 0.7148 0.6899 0.6716 0.6667 0.6542 0.6517 0.6451 0.5804 0.573 0.5688 0.5589 0.5531 0.5431 0.5274 0.5249 0.7305
FCX have 1339 points in total
FCX
0.6335 0.6318 0.631 0.6294 0.6244 0.6144 0.607 0.5978 0.5945 0.5879 0.5423 0.5249 0.5307 0.5299 0.5299 0.5315 0.5207 0.5207 0.6335
PNW have 1339 points in total
PNW
0.534 0.534 0.534 0.5357 0.5357 0.534 0.534 0.534 0.5332 0.5315 0.5274 0.5274 0.5182 0.5182 0.5182 0.5182 0.5182 0.5182 0.5357
NE have 1339 points in total
NE
0.5705 0.5697 0.5697 0.5655 0.5597 0.5547 0.5498 0.5431 0.5439 0.5398 0.5207 0.5133 0.51 0.5025 0.5 0.5008 0.5008 0.5008 0.5705
ADBE have 1338 points in total
ADBE
0.644 0.6407 0.6373 0.6349 0.6274 0.6191 0.61 0.6075 0.6058 0.6 0.5685 0.5494 0.5452 0.5361 0.5311 0.5203 0.5154 0.5129 0.644
MAT have 1339 points in total
MAT
0.6202 0.6169 0.6153 0.6144 0.6045 0.597 0.5871 0.5788 0.5746 0.5655 0.5506 0.5423 0.5357 0.5348 0.5348 0.534 0.534 0.534 0.6202
HES have 1339 points in total
HES
0.6924 0.6965 0.6924 0.6882 0.6716 0.6625 0.6542 0.6493 0.6343 0.6252 0.5804 0.5663 0.5531 0.5315 0.5191 0.5108 0.5108 0.5108 0.6965
SYY have 1339 points in total
SYY
0.563 0.563 0.563 0.563 0.5605 0.5589 0.5572 0.5572 0.5564 0.5556 0.5464 0.5456 0.5448 0.5439 0.5439 0.5439 0.5439 0.5439 0.563
KLAC have 1338 points in total
KLAC
0.5809 0.5809 0.5809 0.5801 0.5743 0.566 0.5643 0.5593 0.5602 0.5568 0.5386 0.5369 0.5369 0.5353 0.5286 0.527 0.5237 0.5245 0.5809
OI have 1124 points in total
OI
0.5385 0.5385 0.5385 0.5375 0.5366 0.5316 0.5316 0.5267 0.5257 0.5257 0.5188 0.5188 0.5188 0.5188 0.5178 0.5237 0.5227 0.5227 0.5385
WYNN have 1156 points in total
WYNN
0.611 0.609 0.6138 0.61 0.6033 0.5985 0.5937 0.5917 0.5812 0.5687 0.5514 0.5389 0.5312 0.5293 0.5255 0.5216 0.5226 0.5197 0.6138
COV have 1339 points in total
COV
0.5207 0.5207 0.5207 0.5207 0.5199 0.5182 0.5166 0.5149 0.5141 0.5141 0.5124 0.5075 0.5075 0.5075 0.5075 0.5075 0.5075 0.5075 0.5207
SVU have 446 points in total
SVU
0.6343 0.6294 0.6294 0.6318 0.6244 0.6119 0.6144 0.6119 0.6095 0.602 0.5522 0.5473 0.5348 0.5274 0.5224 0.5224 0.5224 0.5224 0.6343
VIAB have 1124 points in total
VIAB
0.6759 0.6779 0.6769 0.6789 0.667 0.6532 0.6462 0.6393 0.6374 0.6245 0.581 0.5623 0.5543 0.5514 0.5484 0.5484 0.5474 0.5474 0.6789
IGT have 1339 points in total
IGT
0.5481 0.5481 0.5498 0.5481 0.5398 0.5357 0.534 0.5332 0.5323 0.5315 0.5299 0.5265 0.5249 0.5265 0.5232 0.5232 0.5216 0.5199 0.5498
M have 1339 points in total
M
0.7231 0.7206 0.7239 0.7189 0.7123 0.6808 0.6849 0.6733 0.6501 0.6592 0.6078 0.573 0.568 0.5589 0.5622 0.5489 0.5456 0.539 0.7239
JCP have 1339 points in total
JCP
0.6575 0.6559 0.6542 0.6559 0.6501 0.6393 0.6285 0.6244 0.6177 0.6086 0.5547 0.5423 0.539 0.5274 0.5232 0.5191 0.5158 0.5133 0.6575
AIZ have 1339 points in total
AIZ
0.5655 0.5655 0.5663 0.5663 0.5622 0.5605 0.5564 0.5547 0.5539 0.5498 0.5431 0.5431 0.5431 0.5423 0.5423 0.5415 0.529 0.5282 0.5663
ITW have 1339 points in total
ITW
0.5381 0.5365 0.5348 0.5357 0.529 0.5265 0.5216 0.5224 0.5224 0.5207 0.5124 0.5083 0.4967 0.5017 0.5017 0.5017 0.4983 0.4983 0.5381
WHR have 1339 points in total
WHR
0.5904 0.5896 0.5896 0.5896 0.5837 0.5738 0.5672 0.5647 0.5589 0.5514 0.5307 0.5282 0.5224 0.5149 0.5108 0.5108 0.5108 0.5108 0.5904
CINF have 1338 points in total
CINF
0.5469 0.5469 0.5469 0.5469 0.5469 0.5469 0.5461 0.5461 0.5461 0.5436 0.5311 0.5311 0.5311 0.5311 0.5311 0.5311 0.5311 0.5311 0.5469
CMI have 1339 points in total
CMI
0.5705 0.5705 0.5705 0.5705 0.568 0.5638 0.5647 0.5614 0.558 0.5572 0.539 0.5307 0.5265 0.5249 0.5207 0.5224 0.5158 0.5158 0.5705
SYK have 1339 points in total
SYK
0.597 0.5978 0.5978 0.597 0.5896 0.5846 0.5829 0.5829 0.5788 0.5721 0.5481 0.534 0.5249 0.5224 0.5224 0.5224 0.5224 0.5224 0.5978
DOV have 1339 points in total
DOV
0.5373 0.5373 0.5381 0.539 0.5365 0.5348 0.5323 0.5315 0.5307 0.5299 0.5232 0.5224 0.5216 0.5224 0.5224 0.5224 0.5224 0.5224 0.539
JNJ have 1339 points in total
JNJ
0.6584 0.6617 0.6617 0.6609 0.6567 0.6443 0.6368 0.6302 0.6235 0.6211 0.5755 0.558 0.5498 0.5439 0.5373 0.5365 0.5224 0.5174 0.6617
XEL have 1339 points in total
XEL
0.5688 0.5688 0.568 0.568 0.5647 0.5614 0.5597 0.5589 0.5597 0.5589 0.5473 0.5373 0.539 0.5348 0.5207 0.5207 0.5207 0.5207 0.5688
RRC have 1339 points in total
RRC
0.5663 0.5663 0.5672 0.5672 0.5638 0.5547 0.5506 0.5498 0.5456 0.5431 0.5282 0.5083 0.5174 0.5141 0.5141 0.5124 0.5124 0.5124 0.5672
GNW have 1339 points in total
GNW
0.641 0.6393 0.641 0.636 0.6277 0.6177 0.6136 0.6086 0.6028 0.5987 0.573 0.558 0.5448 0.5456 0.539 0.5348 0.5299 0.5315 0.641
SSP have 89 points in total
SSP
0.5309 0.5309 0.5309 0.5309 0.5309 0.5309 0.5309 0.5309 0.5309 0.5309 0.5309 0.5309 0.5309 0.5309 0.5309 0.5309 0.5309 0.5309 0.5309
BIIB have 1338 points in total
BIIB
0.639 0.6448 0.6456 0.6423 0.6365 0.6216 0.6174 0.6158 0.6124 0.6025 0.5726 0.5701 0.5602 0.5477 0.5411 0.5336 0.5402 0.5394 0.6456
XL have 1339 points in total
XL
0.5381 0.5373 0.5373 0.5381 0.5373 0.5307 0.5315 0.5274 0.5257 0.5257 0.5182 0.5182 0.5182 0.5182 0.5182 0.5182 0.5182 0.5182 0.5381
UNP have 1339 points in total
UNP
0.6235 0.6252 0.6269 0.626 0.6186 0.6111 0.6078 0.6036 0.5987 0.592 0.5697 0.5348 0.5307 0.5274 0.5265 0.5265 0.5265 0.5265 0.6269
HBAN have 1338 points in total
HBAN
0.5925 0.5934 0.5942 0.5942 0.5817 0.5859 0.5618 0.5593 0.5602 0.5726 0.5485 0.5361 0.5336 0.5261 0.5145 0.5087 0.5087 0.5087 0.5942
KIM have 586 points in total
KIM
0.5682 0.5682 0.5682 0.5682 0.5549 0.5511 0.5473 0.5473 0.5455 0.5455 0.5303 0.5284 0.5246 0.5227 0.5227 0.5227 0.5227 0.5227 0.5682
STI have 1339 points in total
STI
0.6617 0.665 0.6667 0.665 0.6559 0.6426 0.636 0.6227 0.6153 0.6061 0.5638 0.5531 0.5423 0.529 0.5191 0.5058 0.5091 0.5091 0.6667
BF.B have 446 points in total
BF.B
0.5299 0.5299 0.5299 0.5299 0.5249 0.5174 0.5 0.5 0.5 0.5 0.495 0.495 0.495 0.495 0.495 0.495 0.495 0.495 0.5299
CCU have 109 points in total
CCU
0.6465 0.6465 0.6566 0.6566 0.6465 0.6465 0.6465 0.6465 0.6465 0.6465 0.6263 0.6263 0.6263 0.6263 0.6263 0.6263 0.6263 0.6263 0.6566
CSX have 1339 points in total
CSX
0.6227 0.6211 0.6211 0.6177 0.6095 0.597 0.5945 0.5937 0.5896 0.5904 0.5688 0.5531 0.5514 0.5506 0.5464 0.5456 0.5431 0.5431 0.6227
ORCL have 1338 points in total
ORCL
0.6564 0.6539 0.6515 0.6523 0.6498 0.639 0.634 0.6299 0.6241 0.6207 0.5859 0.5701 0.5627 0.5494 0.5419 0.5295 0.5178 0.5137 0.6564
BXP have 1339 points in total
BXP
0.539 0.5381 0.5381 0.5373 0.5365 0.5332 0.5282 0.524 0.524 0.5199 0.5025 0.4967 0.4942 0.4942 0.4942 0.4942 0.5116 0.5116 0.539
PFE have 1339 points in total
PFE
0.6352 0.636 0.6352 0.6343 0.6302 0.6244 0.6219 0.6194 0.6136 0.6078 0.5514 0.5398 0.5249 0.5174 0.5174 0.5174 0.5108 0.5091 0.636
CCI have 1124 points in total
CCI
0.5455 0.5464 0.5455 0.5445 0.5455 0.5435 0.5435 0.5425 0.5415 0.5375 0.5336 0.5346 0.5306 0.5287 0.5287 0.5287 0.5287 0.5287 0.5464
NEE have 1124 points in total
NEE
0.5623 0.5623 0.5613 0.5613 0.5613 0.5603 0.5603 0.5593 0.5553 0.5563 0.5425 0.5415 0.5375 0.5375 0.5375 0.5375 0.5346 0.5296 0.5623
NWSA have 1127 points in total
NWSA
0.5202 0.5202 0.5202 0.5202 0.5202 0.5202 0.5202 0.5202 0.5202 0.5202 0.5202 0.5202 0.5202 0.5202 0.5202 0.5202 0.5202 0.5202 0.5202
INTU have 1338 points in total
INTU
0.5975 0.5942 0.5925 0.5925 0.5851 0.5793 0.5776 0.5743 0.571 0.5685 0.5436 0.5378 0.5353 0.532 0.5328 0.532 0.5336 0.5303 0.5975
AFL have 1339 points in total
AFL
0.5837 0.5854 0.5854 0.5879 0.5821 0.5738 0.5713 0.5688 0.5655 0.5638 0.5506 0.5481 0.5415 0.539 0.5365 0.5323 0.5323 0.5323 0.5879
L have 1255 points in total
L
0.5451 0.5451 0.5442 0.5442 0.5442 0.5407 0.5416 0.5416 0.5416 0.5381 0.531 0.531 0.5274 0.5265 0.5265 0.5239 0.5239 0.5239 0.5451
TRV have 1339 points in total
TRV
0.6559 0.6534 0.6509 0.6509 0.636 0.6219 0.6169 0.6136 0.6053 0.602 0.5663 0.5506 0.5282 0.5282 0.5249 0.5232 0.5216 0.5224 0.6559
CME have 1339 points in total
CME
0.7156 0.7139 0.7148 0.7106 0.6982 0.6841 0.6791 0.6733 0.6592 0.6493 0.5987 0.5705 0.5539 0.5406 0.524 0.5182 0.5174 0.5141 0.7156
HCN have 1124 points in total
HCN
0.5889 0.5889 0.5889 0.5889 0.586 0.584 0.583 0.582 0.58 0.5761 0.5652 0.5642 0.5623 0.5623 0.5623 0.5623 0.5623 0.5623 0.5889
XRX have 1339 points in total
XRX
0.5912 0.592 0.592 0.5887 0.5829 0.5721 0.5697 0.5713 0.5688 0.5672 0.5381 0.529 0.5265 0.5191 0.5174 0.5174 0.5174 0.524 0.592
GOOG have 1338 points in total
GOOG
0.5178 0.5178 0.5178 0.5178 0.5178 0.5178 0.5178 0.5178 0.5178 0.5178 0.5178 0.5178 0.5178 0.5178 0.5178 0.5178 0.5178 0.5178 0.5178
BBBY have 1338 points in total
BBBY
0.5784 0.5776 0.5768 0.5768 0.5469 0.5344 0.5336 0.5328 0.5303 0.5452 0.5369 0.5286 0.5278 0.517 0.517 0.517 0.5145 0.5145 0.5784
DNB have 1131 points in total
DNB
0.558 0.558 0.558 0.5589 0.557 0.554 0.5511 0.5511 0.5491 0.5481 0.5363 0.5393 0.5383 0.5363 0.5363 0.5363 0.5363 0.5363 0.5589
LLL have 1339 points in total
LLL
0.5539 0.5539 0.5539 0.5531 0.5506 0.5464 0.5439 0.5415 0.5398 0.5373 0.5257 0.5083 0.5116 0.5116 0.5116 0.5116 0.5116 0.5116 0.5539
CBG have 1339 points in total
CBG
0.5315 0.5299 0.5299 0.529 0.5249 0.5232 0.5232 0.5232 0.5232 0.5216 0.5124 0.5124 0.5124 0.5124 0.5124 0.5124 0.5124 0.5124 0.5315
ETFC have 1338 points in total
ETFC
0.5759 0.5734 0.5743 0.5743 0.571 0.561 0.5602 0.5552 0.5527 0.5485 0.5378 0.5253 0.5187 0.5154 0.5104 0.5137 0.5087 0.5087 0.5759
WU have 1339 points in total
WU
0.5663 0.5638 0.563 0.563 0.558 0.5481 0.5464 0.5415 0.5381 0.5323 0.5182 0.5133 0.51 0.5116 0.5091 0.5075 0.5083 0.51 0.5663
BLK have 1124 points in total
BLK
0.7223 0.7263 0.7233 0.7243 0.7144 0.6937 0.6947 0.6917 0.6808 0.6749 0.5929 0.5731 0.5534 0.5405 0.5287 0.5188 0.5168 0.5168 0.7263
IRM have 1124 points in total
IRM
0.5435 0.5435 0.5445 0.5435 0.5425 0.5435 0.5455 0.5445 0.5445 0.5435 0.5306 0.5227 0.5227 0.5227 0.5227 0.5227 0.5227 0.5227 0.5455
FISV have 1338 points in total
FISV
0.5768 0.5776 0.5776 0.5776 0.5734 0.571 0.5685 0.5651 0.5651 0.5643 0.5602 0.5552 0.5552 0.5527 0.5527 0.5527 0.5527 0.5527 0.5776
MDLZ have 1124 points in total
MDLZ
0.6957 0.6957 0.6947 0.6937 0.6907 0.67 0.664 0.6561 0.6462 0.6304 0.5929 0.5879 0.5781 0.5771 0.5751 0.5652 0.5603 0.5543 0.6957
LXK have 446 points in total
LXK
0.5448 0.5423 0.5448 0.5498 0.5473 0.5423 0.5398 0.5398 0.5274 0.5249 0.5174 0.51 0.5025 0.5025 0.5025 0.5025 0.5025 0.5025 0.5498
SNDK have 1338 points in total
SNDK
0.6332 0.6324 0.6324 0.6315 0.6241 0.6149 0.6124 0.605 0.5992 0.5884 0.5386 0.5361 0.532 0.5286 0.5212 0.5154 0.5104 0.5062 0.6332
GLW have 1339 points in total
GLW
0.5978 0.5978 0.5705 0.597 0.592 0.5854 0.5813 0.5755 0.5713 0.5423 0.5158 0.5008 0.4975 0.495 0.4876 0.4876 0.4876 0.4876 0.5978
TSN have 1339 points in total
TSN
0.5954 0.5962 0.5945 0.592 0.5887 0.5837 0.5788 0.5771 0.5688 0.5655 0.5564 0.5439 0.5423 0.5423 0.5398 0.539 0.539 0.5365 0.5962
NSC have 1339 points in total
NSC
0.5904 0.5945 0.5954 0.5904 0.5879 0.5821 0.5755 0.5738 0.5705 0.5663 0.5439 0.5431 0.534 0.534 0.5307 0.5307 0.5307 0.5307 0.5954
HSP have 1339 points in total
HSP
0.558 0.558 0.5572 0.5572 0.5531 0.5522 0.5498 0.5489 0.5464 0.5439 0.5323 0.5199 0.5191 0.5174 0.5141 0.5166 0.5166 0.5158 0.558
ED have 1339 points in total
ED
0.5688 0.568 0.5663 0.5655 0.5647 0.5556 0.5531 0.5506 0.5506 0.5489 0.5398 0.5357 0.5323 0.529 0.5216 0.5216 0.5216 0.5216 0.5688
JOY have 1124 points in total
JOY
0.5603 0.5613 0.5613 0.5623 0.5593 0.5563 0.5553 0.5534 0.5494 0.5474 0.5316 0.5178 0.5158 0.5158 0.5158 0.5158 0.5158 0.5158 0.5623
LUK have 1339 points in total
LUK
0.5257 0.5249 0.5249 0.5249 0.524 0.5207 0.5191 0.5182 0.5199 0.5199 0.5166 0.5149 0.5149 0.5149 0.5133 0.5133 0.5133 0.5133 0.5257
NBL have 1339 points in total
NBL
0.597 0.5954 0.5954 0.5962 0.5879 0.5796 0.5771 0.573 0.5738 0.5738 0.5514 0.5448 0.5357 0.5348 0.5348 0.5348 0.5348 0.5348 0.597
EMC have 1339 points in total
EMC
0.6625 0.6625 0.6609 0.6584 0.6509 0.6426 0.6376 0.6318 0.626 0.6186 0.5697 0.5415 0.5224 0.5166 0.5133 0.5075 0.5116 0.5083 0.6625
NFX have 1124 points in total
NFX
0.5425 0.5415 0.5415 0.5415 0.5366 0.5316 0.5296 0.5257 0.5237 0.5208 0.5208 0.5178 0.5099 0.504 0.504 0.504 0.504 0.504 0.5425
WDC have 1124 points in total
WDC
0.6107 0.6117 0.6126 0.6146 0.6097 0.5988 0.5949 0.5909 0.587 0.581 0.5553 0.5504 0.5504 0.5435 0.5405 0.5375 0.5405 0.5375 0.6146
HPQ have 1339 points in total
HPQ
0.5995 0.5995 0.5995 0.602 0.6003 0.5987 0.5945 0.5904 0.5887 0.5879 0.5605 0.5531 0.5373 0.5299 0.5141 0.5149 0.5149 0.5133 0.602
HRL have 1124 points in total
HRL
0.587 0.5889 0.5889 0.5889 0.587 0.584 0.582 0.583 0.581 0.5791 0.5741 0.5652 0.5672 0.5652 0.5662 0.5662 0.5662 0.5662 0.5889
LEN have 1339 points in total
LEN
0.6493 0.6476 0.6459 0.6493 0.6434 0.6343 0.6227 0.6186 0.6136 0.6045 0.5713 0.5614 0.5439 0.5448 0.5431 0.5365 0.5307 0.5274 0.6493
PHM have 1339 points in total
PHM
0.6368 0.6368 0.6376 0.6368 0.6343 0.6269 0.6186 0.6095 0.5962 0.5879 0.5448 0.5332 0.5207 0.5174 0.5133 0.5124 0.4942 0.4942 0.6376
BRK.B have 80 points in total
BRK.B
0.75 0.75 0.7361 0.75 0.7222 0.7222 0.6944 0.7083 0.6944 0.6806 0.5417 0.5417 0.5417 0.5417 0.5417 0.5417 0.5417 0.5417 0.75
BTU have 1339 points in total
BTU
0.6476 0.6468 0.6476 0.6493 0.602 0.5887 0.6177 0.6086 0.607 0.6061 0.5655 0.5423 0.5381 0.5348 0.5282 0.524 0.5216 0.5216 0.6493
VZ have 1339 points in total
VZ
0.631 0.631 0.6302 0.6294 0.6252 0.6153 0.6103 0.6078 0.602 0.5945 0.568 0.5531 0.5556 0.5506 0.5489 0.5481 0.5431 0.539 0.631
DGX have 1339 points in total
DGX
0.5605 0.5605 0.5614 0.5622 0.5605 0.5547 0.5556 0.5539 0.5531 0.5498 0.539 0.534 0.5299 0.5216 0.5257 0.5257 0.5274 0.5257 0.5622
IBM have 1339 points in total
IBM
0.6053 0.6053 0.6045 0.607 0.607 0.6003 0.597 0.6003 0.5945 0.5896 0.5655 0.5531 0.5439 0.5381 0.5357 0.534 0.5332 0.5332 0.607
ROK have 1339 points in total
ROK
0.5473 0.5489 0.5481 0.5464 0.5448 0.5415 0.5373 0.5323 0.5323 0.5299 0.524 0.5149 0.5149 0.5166 0.5166 0.5166 0.5166 0.5158 0.5489
JDSU have 1338 points in total
JDSU
0.5768 0.5776 0.5784 0.5776 0.5776 0.5751 0.5718 0.5627 0.5635 0.5593 0.5386 0.5286 0.5278 0.5228 0.5154 0.5054 0.5029 0.5012 0.5784
PWR have 1124 points in total
PWR
0.5119 0.5119 0.5109 0.5099 0.5059 0.5049 0.5069 0.5079 0.5079 0.5079 0.496 0.4921 0.4921 0.4921 0.4921 0.4891 0.4891 0.4891 0.5119
NDAQ have 1156 points in total
NDAQ
0.7608 0.7579 0.7531 0.7541 0.7445 0.7301 0.7253 0.7147 0.7099 0.6955 0.6244 0.5841 0.5744 0.5418 0.5408 0.5389 0.536 0.5341 0.7608
LEG have 1339 points in total
LEG
0.5647 0.5655 0.5655 0.5655 0.5647 0.5589 0.5556 0.5556 0.5547 0.5539 0.5506 0.5464 0.5464 0.5464 0.5464 0.5464 0.5464 0.5464 0.5655
MWV have 1339 points in total
MWV
0.5547 0.5539 0.5539 0.5539 0.5514 0.5473 0.5464 0.5464 0.5431 0.5431 0.5365 0.5323 0.5323 0.5323 0.5323 0.5323 0.5323 0.5323 0.5547
KMI have 592 points in total
KMI
0.606 0.6041 0.6041 0.6041 0.606 0.591 0.5854 0.576 0.5741 0.561 0.5216 0.5235 0.5272 0.5272 0.5272 0.5272 0.5272 0.5272 0.606
CHRW have 1338 points in total
CHRW
0.5585 0.556 0.5568 0.556 0.556 0.5502 0.5485 0.5485 0.5469 0.5477 0.5444 0.5419 0.5369 0.532 0.532 0.532 0.532 0.532 0.5585
CLF have 1124 points in total
CLF
0.583 0.584 0.584 0.584 0.58 0.5277 0.5267 0.5247 0.5198 0.5158 0.501 0.4951 0.4921 0.4872 0.4872 0.4872 0.4872 0.4872 0.584
MYL have 1339 points in total
MYL
0.5837 0.5837 0.5846 0.5854 0.5829 0.5788 0.5713 0.5655 0.5663 0.5638 0.5473 0.5398 0.5423 0.5332 0.5282 0.5282 0.5282 0.5282 0.5854
AA have 1339 points in total
AA
0.6791 0.6758 0.6758 0.6766 0.675 0.6658 0.6592 0.6484 0.6459 0.6368 0.6061 0.5837 0.568 0.5564 0.5406 0.5406 0.5315 0.5282 0.6791
PH have 1339 points in total
PH
0.5365 0.5373 0.5348 0.534 0.5315 0.5282 0.5249 0.5216 0.5216 0.5216 0.5108 0.5108 0.5083 0.5116 0.5025 0.5025 0.5025 0.5025 0.5373
DLTR have 1124 points in total
DLTR
0.582 0.583 0.583 0.5791 0.5761 0.5702 0.5692 0.5652 0.5632 0.5623 0.5484 0.5395 0.5336 0.5316 0.5237 0.5237 0.5237 0.5237 0.583
DTE have 1339 points in total
DTE
0.573 0.5721 0.5721 0.5721 0.5672 0.563 0.563 0.5605 0.5572 0.5564 0.5481 0.5481 0.5481 0.5481 0.5481 0.5481 0.5481 0.5481 0.573
MCK have 1339 points in total
MCK
0.5605 0.5605 0.5597 0.5597 0.5539 0.5473 0.5439 0.5423 0.5415 0.534 0.5174 0.5041 0.4992 0.4959 0.49 0.49 0.49 0.49 0.5605
AVB have 1339 points in total
AVB
0.5688 0.5705 0.5697 0.5688 0.5638 0.5597 0.5547 0.5522 0.5489 0.5423 0.529 0.524 0.5249 0.524 0.5141 0.5133 0.5133 0.5133 0.5705
CVX have 1339 points in total
CVX
0.6774 0.6766 0.6766 0.6766 0.6783 0.6716 0.6617 0.6575 0.6517 0.6459 0.6186 0.6012 0.592 0.5697 0.5672 0.5655 0.5638 0.5531 0.6783
PEG have 1200 points in total
PEG
0.5713 0.5713 0.5694 0.5704 0.5694 0.563 0.5583 0.5583 0.5491 0.5444 0.5287 0.5194 0.5093 0.5093 0.5093 0.5093 0.5093 0.5093 0.5713
POM have 1339 points in total
POM
0.5547 0.5539 0.5539 0.5547 0.5547 0.5514 0.5522 0.5506 0.5489 0.5489 0.5398 0.5315 0.5307 0.5307 0.5307 0.5307 0.5307 0.5307 0.5547
ISRG have 1266 points in total
ISRG
0.5342 0.5333 0.5342 0.5351 0.5298 0.5246 0.5211 0.5193 0.5184 0.5123 0.5105 0.4965 0.4965 0.4965 0.4965 0.4965 0.4965 0.4965 0.5351
JCI have 1339 points in total
JCI
0.5829 0.5804 0.5779 0.5746 0.5713 0.563 0.5572 0.5498 0.5473 0.5439 0.5365 0.5274 0.5282 0.529 0.5307 0.5249 0.5249 0.5249 0.5829
DHI have 1339 points in total
DHI
0.6202 0.6194 0.6219 0.6202 0.6136 0.5995 0.5929 0.5846 0.5796 0.5705 0.5514 0.5423 0.5381 0.5398 0.5373 0.534 0.4975 0.495 0.6219
NOV have 1339 points in total
NOV
0.5738 0.5721 0.5721 0.5705 0.5672 0.5597 0.5605 0.5564 0.5556 0.5522 0.5323 0.5191 0.5124 0.5116 0.5091 0.5083 0.5066 0.5058 0.5738
TGT have 1339 points in total
TGT
0.6501 0.6501 0.6542 0.6559 0.6501 0.636 0.6277 0.6269 0.6219 0.6219 0.5821 0.5481 0.539 0.5232 0.5166 0.5091 0.5075 0.5075 0.6559
CB have 1339 points in total
CB
0.5655 0.5663 0.5655 0.5655 0.5597 0.5572 0.5564 0.5522 0.5514 0.5473 0.529 0.524 0.5158 0.5158 0.5158 0.5158 0.5158 0.5158 0.5663
CRM have 1194 points in total
CRM
0.6474 0.6474 0.6493 0.6484 0.6344 0.6205 0.6102 0.5991 0.5926 0.5851 0.5498 0.5479 0.5209 0.5126 0.5014 0.4912 0.4958 0.4912 0.6493
MAR have 1339 points in total
MAR
0.6186 0.6177 0.6169 0.6161 0.6095 0.6003 0.5954 0.597 0.5954 0.5854 0.5473 0.5398 0.5373 0.5365 0.5174 0.5158 0.5166 0.5141 0.6186
GPC have 1339 points in total
GPC
0.5398 0.539 0.539 0.5398 0.5406 0.5381 0.5357 0.5332 0.5332 0.5307 0.5265 0.524 0.5224 0.5224 0.5224 0.5224 0.5224 0.5224 0.5406
ODP have 446 points in total
ODP
0.602 0.6045 0.6045 0.6045 0.592 0.5796 0.592 0.5871 0.5896 0.5796 0.5323 0.5323 0.5199 0.5199 0.5174 0.5174 0.5249 0.5249 0.6045
TEG have 1339 points in total
TEG
0.5481 0.5481 0.5481 0.5481 0.5473 0.5439 0.5431 0.5431 0.5431 0.5431 0.5415 0.539 0.539 0.539 0.5348 0.529 0.529 0.5282 0.5481
IFF have 1339 points in total
IFF
0.5547 0.5547 0.5547 0.5539 0.5498 0.5464 0.5448 0.5439 0.5423 0.5406 0.5381 0.534 0.534 0.534 0.534 0.534 0.534 0.534 0.5547
EQR have 1339 points in total
EQR
0.5796 0.5804 0.5804 0.5771 0.5721 0.5647 0.5638 0.5622 0.5614 0.5564 0.5431 0.5357 0.534 0.5315 0.5307 0.5149 0.5166 0.5166 0.5804
SRCL have 1149 points in total
SRCL
0.5507 0.5507 0.5498 0.5498 0.5498 0.5449 0.5449 0.544 0.5401 0.5391 0.5343 0.5343 0.5343 0.5343 0.5343 0.5343 0.5343 0.5343 0.5507
KR have 1339 points in total
KR
0.631 0.6294 0.6269 0.6269 0.6219 0.6119 0.6111 0.6053 0.602 0.597 0.5763 0.5655 0.5514 0.5473 0.5415 0.5373 0.5357 0.5357 0.631
GT have 1339 points in total
GT
0.5638 0.5638 0.5647 0.5655 0.5614 0.5556 0.5531 0.5514 0.5456 0.5431 0.5282 0.5182 0.5116 0.5124 0.5124 0.5116 0.5141 0.5108 0.5655
IVZ have 1213 points in total
IVZ
0.5852 0.5861 0.587 0.5861 0.5806 0.565 0.5586 0.5586 0.5568 0.554 0.5348 0.5321 0.5284 0.5238 0.5229 0.5211 0.5211 0.5211 0.587
IACI have 123 points in total
IACI
0.5135 0.5135 0.5135 0.5135 0.5045 0.5045 0.5045 0.5045 0.5045 0.5045 0.5045 0.5045 0.5045 0.5045 0.5045 0.5045 0.5045 0.5045 0.5135
XYL have 423 points in total
XYL
0.5276 0.5276 0.5276 0.5276 0.5171 0.5144 0.5144 0.5144 0.5144 0.5118 0.5092 0.5092 0.5092 0.5092 0.5092 0.5092 0.5092 0.5092 0.5276
AIV have 1339 points in total
AIV
0.5597 0.5572 0.5547 0.5539 0.5531 0.5514 0.5498 0.5481 0.5489 0.5473 0.5456 0.5415 0.5381 0.5282 0.5265 0.5265 0.5265 0.5265 0.5597
X have 1339 points in total
X
0.6078 0.6111 0.6103 0.6078 0.6036 0.5929 0.5879 0.5821 0.5755 0.5663 0.5415 0.5182 0.5158 0.5116 0.5058 0.505 0.5075 0.5058 0.6111
NFLX have 1124 points in total
NFLX
0.6443 0.6018 0.6018 0.6028 0.6008 0.5988 0.587 0.582 0.5711 0.5632 0.5316 0.5168 0.5138 0.5138 0.5158 0.5158 0.5158 0.5158 0.6443
DIS have 1339 points in total
DIS
0.6393 0.6393 0.6401 0.6393 0.6335 0.6227 0.6177 0.6144 0.6161 0.6128 0.5655 0.5423 0.5357 0.5249 0.5232 0.5265 0.5265 0.5265 0.6401
PFG have 1339 points in total
PFG
0.5904 0.5904 0.5896 0.5879 0.5846 0.5821 0.5788 0.5771 0.573 0.5697 0.5473 0.5373 0.5323 0.5249 0.5257 0.5232 0.5216 0.5191 0.5904
HD have 1339 points in total
HD
0.7081 0.6882 0.6874 0.6849 0.6692 0.6526 0.6509 0.6393 0.6343 0.6177 0.5697 0.5522 0.5448 0.5323 0.5323 0.5224 0.5199 0.5182 0.7081
TEL have 1339 points in total
TEL
0.5041 0.5033 0.5033 0.5033 0.5017 0.5 0.5 0.5 0.5 0.4992 0.5008 0.4975 0.4975 0.4975 0.4975 0.4975 0.4975 0.4975 0.5041
EL have 1339 points in total
EL
0.5431 0.5423 0.5423 0.5415 0.5381 0.5332 0.5307 0.5299 0.5265 0.5257 0.5216 0.5158 0.5207 0.5108 0.5108 0.5108 0.5108 0.5108 0.5431
VFC have 1339 points in total
VFC
0.5647 0.5638 0.5647 0.5655 0.5614 0.5547 0.5539 0.5531 0.5498 0.5448 0.5124 0.505 0.5058 0.5058 0.5058 0.5058 0.5058 0.5058 0.5655
EA have 1124 points in total
EA
0.669 0.667 0.668 0.665 0.6561 0.6334 0.6265 0.6215 0.6057 0.5929 0.5573 0.5405 0.5198 0.5148 0.5119 0.5079 0.5079 0.5079 0.669
PCLN have 1124 points in total
PCLN
0.6314 0.6294 0.6285 0.6275 0.6225 0.6107 0.6087 0.6028 0.5939 0.5889 0.5781 0.5642 0.5524 0.5514 0.5494 0.5425 0.5415 0.5395 0.6314
AET have 1339 points in total
AET
0.6376 0.6376 0.6352 0.631 0.6252 0.6078 0.6028 0.6012 0.597 0.5821 0.5572 0.5415 0.5332 0.524 0.5141 0.5075 0.5008 0.4934 0.6376
LO have 1254 points in total
LO
0.5961 0.597 0.5952 0.5943 0.5899 0.5864 0.5819 0.5819 0.581 0.5793 0.5527 0.5447 0.5394 0.5385 0.5394 0.5359 0.535 0.535 0.597
TROW have 1338 points in total
TROW
0.6075 0.6091 0.6083 0.6066 0.6025 0.5884 0.5793 0.5734 0.5668 0.5585 0.551 0.5369 0.522 0.5162 0.5154 0.5154 0.5154 0.5154 0.6091
PXD have 1189 points in total
PXD
0.5826 0.5808 0.5826 0.5808 0.5789 0.5733 0.5714 0.5696 0.5658 0.5658 0.5378 0.5247 0.5238 0.5154 0.5154 0.5154 0.5154 0.5154 0.5826
ALL have 1339 points in total
ALL
0.6103 0.6078 0.6078 0.6086 0.6061 0.5929 0.5871 0.5829 0.5796 0.5763 0.5655 0.5522 0.5556 0.5514 0.5473 0.5398 0.534 0.5332 0.6103
DV have 195 points in total
DV
0.5852 0.5852 0.5852 0.5852 0.5852 0.5795 0.5795 0.5739 0.5739 0.5739 0.5341 0.517 0.517 0.517 0.517 0.517 0.517 0.517 0.5852
DNR have 1124 points in total
DNR
0.5553 0.5563 0.5583 0.5563 0.5563 0.5514 0.5484 0.5435 0.5385 0.5375 0.5277 0.5168 0.5148 0.5148 0.5148 0.5148 0.5148 0.5148 0.5583
IPG have 1339 points in total
IPG
0.5688 0.5713 0.5713 0.5705 0.563 0.5481 0.5456 0.5406 0.5431 0.5381 0.5166 0.5124 0.5066 0.5058 0.5058 0.5058 0.5058 0.5058 0.5713
WEN have 154 points in total
WEN
0.5252 0.5252 0.5252 0.5252 0.5252 0.5252 0.5252 0.5252 0.5252 0.5252 0.5252 0.5252 0.5252 0.5252 0.5252 0.5252 0.5252 0.5252 0.5252
DF have 1339 points in total
DF
0.5705 0.5697 0.5697 0.5663 0.563 0.5597 0.5572 0.5547 0.5522 0.5481 0.5323 0.5332 0.5257 0.5257 0.5182 0.5182 0.5182 0.5182 0.5705
CPWR have 444 points in total
CPWR
0.5575 0.555 0.555 0.5525 0.5525 0.5475 0.5475 0.54 0.54 0.54 0.5425 0.5425 0.5425 0.5425 0.5425 0.5425 0.5425 0.5425 0.5575
TE have 1339 points in total
TE
0.573 0.573 0.5721 0.5721 0.5713 0.5688 0.5697 0.5688 0.5655 0.5614 0.5531 0.5456 0.5406 0.5406 0.5406 0.5406 0.5406 0.5406 0.573
CFN have 964 points in total
CFN
0.5507 0.5507 0.5495 0.5495 0.5484 0.5438 0.5426 0.5426 0.5438 0.5403 0.53 0.523 0.5219 0.5184 0.5184 0.5184 0.5184 0.5184 0.5507
BRCM have 1338 points in total
BRCM
0.6838 0.6855 0.6813 0.6772 0.6697 0.6589 0.6515 0.6473 0.6415 0.6324 0.5801 0.5643 0.5278 0.5228 0.5237 0.5212 0.517 0.5154 0.6855
BMS have 1339 points in total
BMS
0.5439 0.5439 0.5439 0.5423 0.5415 0.5398 0.5373 0.5373 0.5373 0.5357 0.5282 0.5224 0.5216 0.5224 0.5207 0.5207 0.5207 0.5207 0.5439
BC have 83 points in total
BC
0.6667 0.6667 0.6667 0.6667 0.6667 0.68 0.68 0.68 0.68 0.68 0.6667 0.64 0.64 0.64 0.64 0.64 0.64 0.64 0.68
KSS have 1339 points in total
KSS
0.6393 0.6401 0.6376 0.6368 0.6294 0.6252 0.6202 0.6144 0.6036 0.5962 0.558 0.5257 0.5141 0.5149 0.5066 0.5041 0.5075 0.4942 0.6401
THC have 1339 points in total
THC
0.5647 0.5622 0.5589 0.5589 0.5489 0.5448 0.5398 0.5357 0.5332 0.5332 0.5182 0.5108 0.5008 0.4967 0.4975 0.4959 0.4959 0.4959 0.5647
FLR have 1339 points in total
FLR
0.5539 0.5547 0.5539 0.5539 0.5489 0.5439 0.5448 0.5381 0.5381 0.5365 0.5299 0.5232 0.5216 0.5083 0.5083 0.5083 0.4934 0.4934 0.5547
FAST have 1193 points in total
FAST
0.5605 0.5605 0.5605 0.5605 0.5587 0.5577 0.5559 0.5559 0.5568 0.5549 0.5438 0.5428 0.54 0.5354 0.5345 0.5345 0.5354 0.5363 0.5605
VTR have 1124 points in total
VTR
0.5632 0.5632 0.5632 0.5613 0.5593 0.5593 0.5583 0.5573 0.5573 0.5553 0.5494 0.5464 0.5445 0.5445 0.5435 0.5435 0.5435 0.5435 0.5632
MO have 1339 points in total
MO
0.6575 0.6584 0.6584 0.6609 0.6493 0.6418 0.6418 0.6418 0.6368 0.6343 0.6061 0.5854 0.5788 0.573 0.5721 0.5738 0.5721 0.5688 0.6609
APD have 1339 points in total
APD
0.5871 0.5871 0.5879 0.5871 0.5846 0.5813 0.5796 0.5738 0.573 0.5713 0.5589 0.5597 0.5514 0.5481 0.5506 0.5489 0.5481 0.5481 0.5879
HRS have 1194 points in total
HRS
0.5581 0.5581 0.5581 0.5581 0.5563 0.5498 0.5507 0.5488 0.5479 0.5433 0.5293 0.5274 0.5274 0.5274 0.5274 0.5274 0.5274 0.5274 0.5581
APOL have 1338 points in total
APOL
0.5693 0.5685 0.5701 0.571 0.5643 0.5568 0.5568 0.5552 0.5544 0.5502 0.5311 0.5295 0.5228 0.517 0.517 0.517 0.517 0.517 0.571
EIX have 1339 points in total
EIX
0.597 0.5978 0.597 0.5962 0.5904 0.5846 0.5796 0.5763 0.5738 0.5672 0.5431 0.5307 0.5323 0.524 0.5207 0.5207 0.5207 0.5207 0.5978
CAT have 1339 points in total
CAT
0.6857 0.6833 0.6849 0.6824 0.6725 0.6625 0.6575 0.6501 0.6493 0.6434 0.5904 0.5697 0.5556 0.5564 0.5539 0.5473 0.5489 0.534 0.6857
HOG have 1339 points in total
HOG
0.5539 0.5531 0.5531 0.5522 0.5481 0.5348 0.534 0.5348 0.5357 0.5357 0.5116 0.5091 0.505 0.4959 0.5008 0.5008 0.5008 0.5008 0.5539
BSX have 1339 points in total
BSX
0.6244 0.6244 0.626 0.6252 0.6211 0.6128 0.607 0.6028 0.6003 0.5978 0.5597 0.5415 0.5299 0.5174 0.5124 0.51 0.5091 0.505 0.626
DG have 905 points in total
DG
0.6037 0.6086 0.6074 0.6049 0.5963 0.5865 0.5816 0.5791 0.5767 0.5669 0.5436 0.5276 0.5227 0.5178 0.519 0.519 0.519 0.519 0.6086
ALTR have 1338 points in total
ALTR
0.5668 0.5627 0.5618 0.5593 0.5568 0.5527 0.551 0.5461 0.5444 0.5452 0.5295 0.5212 0.5178 0.517 0.5154 0.5154 0.5071 0.5054 0.5668
IP have 1339 points in total
IP
0.5688 0.5705 0.5721 0.5721 0.5713 0.5638 0.5572 0.5531 0.5506 0.5473 0.529 0.5182 0.5199 0.5199 0.5141 0.5116 0.5116 0.5116 0.5721
MNST have 1302 points in total
MNST
0.5077 0.5068 0.5068 0.5068 0.5051 0.5043 0.5051 0.5034 0.5026 0.5026 0.4974 0.4966 0.4966 0.4966 0.4966 0.4966 0.4966 0.4966 0.5077
WEC have 1157 points in total
WEC
0.5595 0.5595 0.5595 0.5595 0.5585 0.5537 0.5528 0.5528 0.5528 0.5499 0.5499 0.5489 0.5451 0.5451 0.5451 0.5451 0.5451 0.5451 0.5595
DO have 1124 points in total
DO
0.5603 0.5603 0.5573 0.5543 0.5534 0.5474 0.5415 0.5405 0.5375 0.5356 0.5306 0.5277 0.5158 0.5049 0.502 0.502 0.502 0.502 0.5603
SLB have 1339 points in total
SLB
0.6294 0.6302 0.6294 0.6318 0.6235 0.6111 0.607 0.5995 0.5937 0.5879 0.5481 0.5464 0.5332 0.5158 0.5182 0.5041 0.5033 0.5033 0.6318
XRAY have 1156 points in total
XRAY
0.537 0.5379 0.5379 0.537 0.5351 0.5331 0.5322 0.5322 0.5322 0.5322 0.5245 0.5178 0.5178 0.5178 0.5178 0.5178 0.5178 0.5178 0.5379
LOW have 1339 points in total
LOW
0.6235 0.6227 0.6202 0.626 0.6211 0.6103 0.6036 0.597 0.5896 0.5862 0.5522 0.5381 0.529 0.5249 0.5116 0.5124 0.51 0.5108 0.626
HST have 1339 points in total
HST
0.5431 0.5415 0.5415 0.5423 0.5406 0.5381 0.5373 0.5373 0.5357 0.5315 0.5116 0.5075 0.5091 0.5091 0.5091 0.5091 0.5091 0.5091 0.5431
GE have 1339 points in total
GE
0.6202 0.6227 0.6219 0.6194 0.6194 0.6136 0.6103 0.6053 0.6036 0.5954 0.5688 0.5423 0.5357 0.5381 0.5398 0.5398 0.5332 0.5357 0.6227
VMC have 1339 points in total
VMC
0.5182 0.5182 0.5182 0.5174 0.5149 0.5149 0.5158 0.5158 0.5083 0.5058 0.5008 0.4992 0.4975 0.495 0.4851 0.4851 0.4851 0.4851 0.5182
CMG have 1124 points in total
CMG
0.6235 0.6235 0.6235 0.6245 0.6196 0.6097 0.6067 0.5968 0.5909 0.5889 0.5771 0.5613 0.5474 0.5435 0.5425 0.5425 0.5395 0.5375 0.6245
QCOM have 1338 points in total
QCOM
0.7203 0.7203 0.7203 0.7162 0.7095 0.6929 0.6797 0.6672 0.6548 0.6456 0.6058 0.5768 0.5585 0.5535 0.5402 0.5402 0.5394 0.5328 0.7203
PM have 1312 points in total
PM
0.591 0.5919 0.5902 0.5885 0.5817 0.5732 0.569 0.5665 0.5605 0.5572 0.5402 0.5216 0.5174 0.5174 0.5199 0.5165 0.5148 0.5148 0.5919
ETR have 1339 points in total
ETR
0.5713 0.5697 0.5713 0.5705 0.5638 0.5547 0.5522 0.5489 0.5481 0.5473 0.5207 0.5133 0.5066 0.505 0.505 0.505 0.505 0.505 0.5713
GD have 1339 points in total
GD
0.592 0.5904 0.5904 0.5904 0.5821 0.5713 0.568 0.5638 0.5597 0.5522 0.5166 0.5116 0.51 0.5025 0.5033 0.5025 0.5033 0.4983 0.592
YHOO have 1338 points in total
YHOO
0.5834 0.5801 0.5801 0.5809 0.5776 0.5701 0.5676 0.5643 0.5627 0.5643 0.5452 0.532 0.5203 0.5012 0.5012 0.5012 0.5012 0.5021 0.5834
SO have 1339 points in total
SO
0.6003 0.5995 0.5987 0.5987 0.592 0.5837 0.5821 0.5771 0.5763 0.5721 0.5547 0.5489 0.5415 0.5282 0.5282 0.5265 0.5265 0.5265 0.6003
AMAT have 1338 points in total
AMAT
0.6307 0.6324 0.6315 0.6307 0.6241 0.6166 0.6158 0.6133 0.6108 0.6083 0.5627 0.5544 0.5585 0.5477 0.5461 0.5452 0.5427 0.5427 0.6324
JNPR have 1338 points in total
JNPR
0.634 0.6332 0.6332 0.6315 0.6216 0.6083 0.6041 0.5983 0.5967 0.5934 0.5635 0.5402 0.5419 0.5378 0.5261 0.5245 0.5278 0.5212 0.634
CF have 1208 points in total
CF
0.5763 0.5754 0.5754 0.5763 0.5754 0.568 0.5689 0.5689 0.5653 0.5643 0.5358 0.5322 0.5239 0.523 0.5221 0.5221 0.5221 0.5221 0.5763
CIT have 250 points in total
CIT
0.5644 0.5644 0.5644 0.5644 0.5644 0.5556 0.5556 0.5556 0.5556 0.5556 0.5556 0.5556 0.5556 0.5556 0.5556 0.5556 0.5556 0.5556 0.5644
APC have 1339 points in total
APC
0.6658 0.6625 0.6625 0.665 0.6534 0.6401 0.631 0.626 0.6202 0.6161 0.5746 0.5531 0.5423 0.5357 0.5315 0.529 0.5249 0.5257 0.6658
CNP have 1339 points in total
CNP
0.5663 0.5663 0.5663 0.5647 0.5605 0.558 0.5572 0.558 0.5547 0.5522 0.5431 0.5406 0.5332 0.5332 0.5332 0.5332 0.5332 0.5332 0.5663
ESV have 1339 points in total
ESV
0.5365 0.5365 0.5373 0.5373 0.5315 0.524 0.5224 0.5191 0.5207 0.5191 0.5141 0.5141 0.5116 0.5116 0.5116 0.5108 0.5108 0.5108 0.5373
MDP have 446 points in total
MDP
0.5796 0.5796 0.5796 0.5796 0.5771 0.5771 0.5771 0.5771 0.5771 0.5771 0.5547 0.5522 0.5547 0.5522 0.5522 0.5522 0.5522 0.5522 0.5796
MMM have 1339 points in total
MMM
0.6177 0.6186 0.6194 0.6194 0.6136 0.6053 0.6045 0.5978 0.5954 0.5887 0.5605 0.5597 0.5506 0.5431 0.5406 0.5406 0.5357 0.5348 0.6194
FMC have 1124 points in total
FMC
0.5672 0.5672 0.5662 0.5662 0.5652 0.5623 0.5613 0.5603 0.5593 0.5563 0.5385 0.5306 0.5306 0.5326 0.5326 0.5326 0.5306 0.5287 0.5672
ADP have 1339 points in total
ADP
0.5945 0.5962 0.5937 0.5937 0.5896 0.5804 0.5788 0.5804 0.5771 0.5755 0.5589 0.5464 0.539 0.5381 0.5365 0.5365 0.5365 0.5365 0.5962
NUE have 1339 points in total
NUE
0.5829 0.5829 0.5837 0.5821 0.573 0.5622 0.558 0.5564 0.5506 0.5464 0.5265 0.5232 0.5232 0.5224 0.5141 0.5141 0.5141 0.5141 0.5837
SBUX have 1338 points in total
SBUX
0.6996 0.6996 0.6988 0.6996 0.6846 0.6664 0.6589 0.6473 0.6299 0.6199 0.5701 0.5145 0.5361 0.5303 0.5187 0.5228 0.517 0.517 0.6996
MTB have 1339 points in total
MTB
0.5514 0.573 0.5705 0.5705 0.5663 0.5539 0.5464 0.5423 0.5381 0.5365 0.4983 0.4925 0.4909 0.4917 0.4909 0.49 0.4892 0.4892 0.573
STZ have 1339 points in total
STZ
0.5381 0.5381 0.5381 0.5381 0.5365 0.5365 0.5365 0.5365 0.534 0.5332 0.5224 0.5191 0.5191 0.5182 0.5182 0.5182 0.5182 0.5182 0.5381
ORLY have 1124 points in total
ORLY
0.5583 0.5583 0.5583 0.5593 0.5553 0.5534 0.5514 0.5504 0.5504 0.5484 0.5445 0.5356 0.5326 0.5326 0.5326 0.5336 0.5346 0.5346 0.5593
INTC have 1338 points in total
INTC
0.6224 0.6241 0.6249 0.6224 0.6207 0.6174 0.6149 0.6108 0.6075 0.6041 0.5751 0.566 0.5494 0.5477 0.5361 0.5344 0.5311 0.5303 0.6249
MCD have 1339 points in total
MCD
0.7222 0.7172 0.7156 0.7181 0.7073 0.6949 0.6741 0.6633 0.6584 0.6451 0.5871 0.5755 0.558 0.5556 0.5539 0.5498 0.5539 0.5498 0.7222
ADT have 179 points in total
ADT
0.5309 0.5309 0.537 0.537 0.5309 0.5247 0.5247 0.5247 0.5247 0.5185 0.5062 0.5062 0.5062 0.5062 0.5062 0.5062 0.5062 0.5062 0.537
UNH have 1339 points in total
UNH
0.6758 0.6758 0.6725 0.6766 0.6725 0.66 0.6509 0.6501 0.6443 0.6352 0.5962 0.5821 0.5655 0.558 0.5439 0.5373 0.5348 0.5299 0.6766
DHR have 1339 points in total
DHR
0.568 0.568 0.568 0.5672 0.5638 0.5597 0.5589 0.558 0.5522 0.5514 0.5348 0.5265 0.5257 0.5265 0.5249 0.524 0.524 0.524 0.568
EXC have 1339 points in total
EXC
0.5995 0.5995 0.5978 0.5962 0.5904 0.5821 0.5763 0.5705 0.5721 0.563 0.5406 0.5348 0.5307 0.5373 0.5232 0.5232 0.5232 0.5232 0.5995
TRIP have 385 points in total
TRIP
0.585 0.5821 0.5879 0.5879 0.5879 0.5735 0.5764 0.5706 0.5706 0.5706 0.5303 0.5216 0.5216 0.5216 0.5216 0.5216 0.5216 0.5216 0.5879
AVY have 1339 points in total
AVY
0.5605 0.558 0.558 0.5597 0.558 0.5564 0.5564 0.5514 0.5522 0.5514 0.5415 0.539 0.5315 0.5323 0.5332 0.5315 0.5315 0.529 0.5605
LM have 1339 points in total
LM
0.6194 0.6219 0.6211 0.6219 0.6186 0.6169 0.6111 0.6053 0.6012 0.5879 0.558 0.5481 0.5357 0.5174 0.5025 0.4983 0.4983 0.4983 0.6219
DDR have 250 points in total
DDR
0.5556 0.5556 0.5556 0.5556 0.5556 0.5511 0.5511 0.5511 0.5511 0.5511 0.5511 0.5511 0.5511 0.5511 0.5511 0.5511 0.5511 0.5511 0.5556
RDC have 1339 points in total
RDC
0.5746 0.5763 0.573 0.5688 0.5663 0.5622 0.5589 0.5572 0.5572 0.5556 0.534 0.5274 0.5199 0.5166 0.5166 0.51 0.51 0.51 0.5763
D have 1339 points in total
D
0.6119 0.6111 0.6086 0.6061 0.5995 0.5896 0.5912 0.5854 0.5837 0.5779 0.5522 0.5464 0.539 0.5315 0.5282 0.5299 0.5299 0.5299 0.6119
TXT have 1339 points in total
TXT
0.5498 0.5498 0.5498 0.5489 0.5439 0.534 0.5307 0.5332 0.5323 0.5307 0.5108 0.5058 0.495 0.4934 0.4917 0.4917 0.4917 0.4917 0.5498
YUM have 1339 points in total
YUM
0.597 0.5987 0.6227 0.6244 0.6194 0.6086 0.607 0.6012 0.5945 0.5862 0.5564 0.5415 0.5473 0.5439 0.5357 0.529 0.529 0.529 0.6244
HCP have 1313 points in total
HCP
0.5761 0.5761 0.5745 0.5753 0.5694 0.5677 0.566 0.5601 0.5601 0.5575 0.5567 0.5558 0.5533 0.5508 0.5508 0.5431 0.5431 0.5457 0.5761
RSG have 1131 points in total
RSG
0.5747 0.5756 0.5756 0.5766 0.5766 0.5727 0.5697 0.5688 0.5658 0.5648 0.554 0.5491 0.5432 0.5432 0.5432 0.5432 0.5432 0.5432 0.5766
PKI have 1339 points in total
PKI
0.5265 0.5265 0.5265 0.5265 0.524 0.524 0.524 0.5224 0.5216 0.5207 0.5133 0.5091 0.5091 0.5091 0.5091 0.5091 0.5091 0.5091 0.5265
ROST have 1124 points in total
ROST
0.586 0.586 0.584 0.584 0.584 0.5761 0.5731 0.5702 0.5692 0.5632 0.5504 0.5356 0.5326 0.5326 0.5316 0.5306 0.5296 0.5208 0.586
DE have 1339 points in total
DE
0.6128 0.6119 0.6103 0.6103 0.6053 0.5954 0.5896 0.5854 0.5846 0.5779 0.5531 0.5448 0.5456 0.5381 0.5299 0.5282 0.5249 0.5207 0.6128
GCI have 1339 points in total
GCI
0.6111 0.6086 0.6086 0.6053 0.6003 0.5896 0.5854 0.5796 0.5771 0.5713 0.5506 0.5381 0.5323 0.5265 0.5282 0.524 0.5224 0.524 0.6111
TYC have 1339 points in total
TYC
0.5564 0.558 0.558 0.558 0.5531 0.5489 0.5473 0.5431 0.5431 0.5415 0.5232 0.5191 0.5182 0.5182 0.5182 0.5182 0.5182 0.5182 0.558
RIG have 207 points in total
RIG
0.5615 0.5615 0.5615 0.5615 0.5615 0.5615 0.5615 0.5615 0.5615 0.5615 0.5615 0.5615 0.5615 0.5615 0.5615 0.5615 0.5615 0.5615 0.5615
EMR have 1339 points in total
EMR
0.5672 0.5663 0.5638 0.5614 0.5589 0.5556 0.5547 0.5514 0.5489 0.5464 0.5357 0.5249 0.5224 0.5191 0.5191 0.5191 0.5191 0.5191 0.5672
ABT have 1339 points in total
ABT
0.6965 0.6924 0.6924 0.6932 0.694 0.6791 0.6708 0.6617 0.6575 0.6501 0.5945 0.5713 0.5589 0.5506 0.5456 0.5448 0.5431 0.5365 0.6965
HUM have 1339 points in total
HUM
0.6153 0.6153 0.6144 0.6161 0.6086 0.6028 0.5995 0.5912 0.5862 0.5846 0.5663 0.5498 0.5439 0.5406 0.5332 0.5282 0.5315 0.5282 0.6161
CBS have 1339 points in total
CBS
0.6824 0.6857 0.6882 0.6857 0.675 0.6625 0.6476 0.6335 0.6277 0.6202 0.5688 0.5448 0.5406 0.529 0.5207 0.5166 0.5174 0.5191 0.6882
LLY have 1339 points in total
LLY
0.7023 0.7023 0.7032 0.704 0.6932 0.6849 0.6774 0.6683 0.66 0.6542 0.6144 0.5846 0.5755 0.5663 0.5622 0.5522 0.5539 0.5522 0.704
LRCX have 1124 points in total
LRCX
0.5455 0.5435 0.5445 0.5435 0.5415 0.5356 0.5316 0.5326 0.5287 0.5257 0.5148 0.5138 0.5128 0.5119 0.5089 0.5059 0.5079 0.5079 0.5455
MBI have 288 points in total
MBI
0.7038 0.7 0.7038 0.7077 0.7077 0.7115 0.7077 0.6885 0.6846 0.6769 0.6038 0.6038 0.5885 0.5731 0.5615 0.55 0.5346 0.5308 0.7115
PETM have 1124 points in total
PETM
0.5781 0.5791 0.5781 0.5761 0.5751 0.5702 0.5642 0.5632 0.5623 0.5583 0.5504 0.5484 0.5336 0.5277 0.5277 0.5287 0.5287 0.5287 0.5791
SHLD have 444 points in total
SHLD
0.695 0.695 0.6875 0.685 0.6825 0.6725 0.6625 0.66 0.6625 0.6575 0.585 0.5525 0.54 0.54 0.54 0.5275 0.5275 0.5275 0.695
CSCO have 1338 points in total
CSCO
0.6307 0.6307 0.6315 0.6332 0.6332 0.629 0.6216 0.6149 0.6124 0.605 0.5726 0.5535 0.551 0.5544 0.5535 0.5461 0.5303 0.5253 0.6332
WFC have 1339 points in total
WFC
0.5862 0.5846 0.5871 0.5879 0.5837 0.5788 0.5804 0.5788 0.5779 0.5771 0.5522 0.5348 0.5232 0.5108 0.5033 0.5066 0.5066 0.5066 0.5879
ICE have 1339 points in total
ICE
0.636 0.6352 0.6327 0.6318 0.6269 0.6161 0.607 0.6045 0.6036 0.5937 0.5663 0.5357 0.5282 0.5224 0.5141 0.5133 0.51 0.5083 0.636
T have 1339 points in total
T
0.5945 0.5945 0.597 0.597 0.5929 0.5871 0.5846 0.5813 0.5788 0.5713 0.5489 0.5315 0.529 0.524 0.5249 0.5216 0.5265 0.5265 0.597
UNM have 1339 points in total
UNM
0.558 0.5564 0.5572 0.5572 0.5531 0.5498 0.5489 0.5456 0.5481 0.5464 0.5415 0.5398 0.5398 0.534 0.5274 0.5274 0.5274 0.5274 0.558
HAR have 1339 points in total
HAR
0.534 0.5323 0.5307 0.5307 0.5299 0.5265 0.5257 0.5265 0.5265 0.5216 0.5124 0.5091 0.5108 0.5133 0.5133 0.5124 0.5124 0.5124 0.534
TEX have 181 points in total
TEX
0.5706 0.5706 0.5706 0.5706 0.5583 0.546 0.546 0.546 0.546 0.5399 0.546 0.546 0.546 0.546 0.546 0.546 0.546 0.546 0.5706
EXPD have 1338 points in total
EXPD
0.5178 0.517 0.5154 0.5154 0.5137 0.5112 0.5104 0.5104 0.5079 0.5095 0.5062 0.5054 0.5054 0.5054 0.5021 0.5021 0.5021 0.5021 0.5178
WMB have 1339 points in total
WMB
0.5929 0.5929 0.5937 0.5929 0.5896 0.5788 0.5771 0.5746 0.5705 0.5638 0.5439 0.5406 0.5381 0.5357 0.5323 0.5365 0.5365 0.534 0.5937
PG have 1339 points in total
PG
0.7139 0.7106 0.7106 0.7131 0.6957 0.6791 0.6741 0.6625 0.6476 0.6352 0.5655 0.539 0.539 0.5373 0.5423 0.5423 0.5406 0.5373 0.7139
HP have 1124 points in total
HP
0.5771 0.5771 0.5761 0.5751 0.5702 0.5662 0.5672 0.5583 0.5573 0.5524 0.5385 0.5316 0.5306 0.5306 0.5306 0.5306 0.5306 0.5306 0.5771
CCE have 1339 points in total
CCE
0.5556 0.5556 0.5556 0.5556 0.5556 0.5539 0.5539 0.5531 0.5531 0.5514 0.5448 0.5448 0.5448 0.5448 0.5448 0.5448 0.5448 0.5448 0.5556
WAG have 1339 points in total
WAG
0.6791 0.6799 0.6774 0.6725 0.6658 0.6551 0.6493 0.6434 0.6376 0.6343 0.5837 0.5672 0.5589 0.5539 0.5481 0.5423 0.5381 0.5332 0.6799
ROP have 1124 points in total
ROP
0.5534 0.5534 0.5534 0.5534 0.5514 0.5514 0.5514 0.5504 0.5484 0.5445 0.5425 0.5425 0.5425 0.5425 0.5425 0.5425 0.5425 0.5425 0.5534
BMY have 1339 points in total
BMY
0.7114 0.7139 0.7148 0.7114 0.7007 0.6857 0.6783 0.6716 0.6658 0.6592 0.6003 0.5788 0.5614 0.5514 0.5506 0.5464 0.539 0.5348 0.7148
DDS have 181 points in total
DDS
0.6687 0.6687 0.6687 0.6748 0.6442 0.6258 0.6258 0.6258 0.6196 0.6012 0.5706 0.589 0.5828 0.589 0.5767 0.5644 0.5521 0.5521 0.6748
WIN have 1339 points in total
WIN
0.5937 0.5929 0.592 0.5929 0.5904 0.5862 0.5837 0.5837 0.5829 0.5804 0.5721 0.5614 0.5614 0.5605 0.5597 0.5597 0.5597 0.5597 0.5937
ADI have 1339 points in total
ADI
0.5381 0.5373 0.5348 0.5622 0.5614 0.558 0.5597 0.5274 0.524 0.5216 0.5108 0.5108 0.5066 0.4867 0.4776 0.4743 0.4743 0.4892 0.5622
RHT have 1124 points in total
RHT
0.58 0.5791 0.5791 0.5781 0.5781 0.5731 0.5702 0.5692 0.5662 0.5623 0.5534 0.5504 0.5385 0.5385 0.5366 0.5326 0.5306 0.5257 0.58
DD have 1339 points in total
DD
0.6592 0.66 0.6584 0.6575 0.6509 0.6385 0.6294 0.6202 0.6144 0.6111 0.5796 0.5638 0.5622 0.5522 0.539 0.5323 0.5323 0.5323 0.66
CTXS have 1338 points in total
CTXS
0.5734 0.5734 0.5743 0.5743 0.5718 0.5544 0.551 0.551 0.5502 0.5461 0.532 0.5245 0.5203 0.5137 0.5154 0.5145 0.5137 0.5137 0.5743
AVP have 1339 points in total
AVP
0.568 0.568 0.5688 0.568 0.5597 0.5564 0.5506 0.5481 0.5464 0.5415 0.5249 0.5133 0.5108 0.5091 0.5058 0.5066 0.5083 0.5083 0.5688
WPX have 382 points in total
WPX
0.5698 0.5727 0.5698 0.5727 0.5698 0.5669 0.561 0.561 0.5552 0.5494 0.5494 0.5494 0.5465 0.5465 0.5145 0.5145 0.5145 0.5145 0.5727
ABBV have 118 points in total
ABBV
0.6636 0.6636 0.6636 0.6636 0.6636 0.6355 0.6262 0.6262 0.6168 0.6075 0.5607 0.5607 0.5607 0.5607 0.5607 0.5607 0.5607 0.5607 0.6636
AKAM have 1338 points in total
AKAM
0.5651 0.5676 0.5676 0.5668 0.5651 0.556 0.556 0.5552 0.5502 0.5477 0.5303 0.512 0.512 0.512 0.5112 0.5112 0.5021 0.5004 0.5676
AZO have 1339 points in total
AZO
0.6045 0.6045 0.6012 0.6003 0.592 0.5821 0.5804 0.5763 0.5713 0.5697 0.5614 0.5498 0.5431 0.5431 0.5406 0.5406 0.5406 0.5406 0.6045
SYMC have 1338 points in total
SYMC
0.5975 0.5967 0.5934 0.595 0.5884 0.5784 0.5759 0.5768 0.571 0.5676 0.5485 0.5378 0.5253 0.5195 0.5195 0.5137 0.512 0.5087 0.5975
MA have 1229 points in total
MA
0.6712 0.6712 0.6703 0.6712 0.6558 0.6396 0.636 0.6278 0.6179 0.6116 0.5781 0.5528 0.5501 0.5438 0.5366 0.5357 0.5366 0.5312 0.6712
PPG have 1339 points in total
PPG
0.5796 0.5788 0.5779 0.5771 0.5713 0.5672 0.5647 0.5622 0.5605 0.558 0.5456 0.539 0.5357 0.5357 0.5357 0.5357 0.5357 0.5357 0.5796
ECL have 1339 points in total
ECL
0.5597 0.5605 0.5614 0.563 0.5589 0.558 0.5556 0.5556 0.5531 0.5506 0.5448 0.539 0.5381 0.5381 0.539 0.534 0.534 0.534 0.563
SNI have 1248 points in total
SNI
0.5489 0.5489 0.5498 0.5498 0.5472 0.5383 0.5374 0.5329 0.5338 0.5285 0.5107 0.5125 0.5125 0.5125 0.5125 0.5125 0.5125 0.5125 0.5498
CVG have 288 points in total
CVG
0.5654 0.5654 0.5654 0.5654 0.5615 0.5538 0.5538 0.5538 0.5538 0.5462 0.5385 0.5385 0.5385 0.5385 0.5385 0.5385 0.5385 0.5385 0.5654
TMK have 1339 points in total
TMK
0.5514 0.5506 0.5498 0.5481 0.5456 0.5448 0.5439 0.5439 0.5398 0.539 0.5357 0.5357 0.5332 0.5332 0.5332 0.5332 0.5332 0.5332 0.5514
APA have 1339 points in total
APA
0.6335 0.6335 0.6327 0.6318 0.6269 0.6061 0.5929 0.5887 0.5854 0.5473 0.5166 0.5431 0.5257 0.5158 0.5116 0.5116 0.5182 0.5182 0.6335
EFX have 1339 points in total
EFX
0.5464 0.5456 0.5456 0.5456 0.5448 0.5373 0.5315 0.5282 0.5282 0.5257 0.5265 0.529 0.5224 0.5224 0.5232 0.5232 0.5232 0.5232 0.5464
CAH have 1339 points in total
CAH
0.5788 0.5771 0.5771 0.5771 0.5746 0.568 0.5647 0.5572 0.5564 0.5498 0.5431 0.5365 0.5357 0.5299 0.5299 0.5299 0.5299 0.5299 0.5788
GILD have 1338 points in total
GILD
0.6149 0.6141 0.6141 0.6141 0.6091 0.5992 0.5925 0.59 0.5826 0.5817 0.5519 0.5452 0.5419 0.5386 0.5328 0.5286 0.5261 0.5261 0.6149
MDT have 1339 points in total
MDT
0.6667 0.6683 0.6692 0.67 0.6642 0.6559 0.6476 0.6451 0.6385 0.626 0.5945 0.5763 0.5589 0.5489 0.534 0.534 0.5282 0.5232 0.67
R have 1339 points in total
R
0.5647 0.5638 0.5638 0.5655 0.563 0.5597 0.5564 0.5564 0.5564 0.5547 0.5415 0.5365 0.5332 0.5315 0.534 0.5307 0.5307 0.5307 0.5655
MWW have 261 points in total
MWW
0.5362 0.5362 0.5362 0.5362 0.5362 0.5362 0.5319 0.5277 0.5277 0.5106 0.5106 0.5106 0.5106 0.5106 0.5106 0.5106 0.5106 0.5106 0.5362
PBCT have 1156 points in total
PBCT
0.5562 0.5562 0.5581 0.5581 0.5504 0.5485 0.5485 0.5447 0.5437 0.5447 0.5418 0.5418 0.5418 0.5418 0.5418 0.5418 0.5418 0.5418 0.5581
IR have 1339 points in total
IR
0.5647 0.5622 0.5647 0.563 0.5589 0.5539 0.5531 0.5522 0.5498 0.5498 0.5398 0.5365 0.5348 0.5348 0.5348 0.5348 0.5348 0.5348 0.5647
HCBK have 1338 points in total
HCBK
0.556 0.5552 0.5544 0.5544 0.5535 0.5485 0.5485 0.5452 0.5402 0.5361 0.5253 0.5145 0.5071 0.5062 0.5062 0.5062 0.5062 0.5062 0.556
COP have 1339 points in total
COP
0.7007 0.7048 0.6998 0.7123 0.7065 0.6973 0.6857 0.6725 0.6658 0.6526 0.6061 0.5779 0.5663 0.5547 0.5514 0.5398 0.5415 0.5431 0.7123
JBL have 1339 points in total
JBL
0.5638 0.563 0.563 0.5647 0.5614 0.5556 0.5531 0.5498 0.5489 0.5473 0.5315 0.5224 0.5158 0.5141 0.5141 0.5141 0.5141 0.5141 0.5647
PLL have 1339 points in total
PLL
0.5348 0.5348 0.5348 0.5357 0.5348 0.5332 0.5332 0.5307 0.5307 0.5299 0.5232 0.5182 0.5182 0.5207 0.5216 0.5166 0.5166 0.5166 0.5357
FII have 446 points in total
FII
0.5647 0.5647 0.5647 0.5647 0.5647 0.5597 0.5597 0.5498 0.5473 0.5373 0.5199 0.5025 0.4925 0.4925 0.4925 0.4925 0.4925 0.4925 0.5647
STX have 1124 points in total
STX
0.5889 0.5889 0.5879 0.5879 0.583 0.5761 0.5781 0.5761 0.5741 0.5662 0.5385 0.5326 0.5296 0.5217 0.5208 0.5208 0.5208 0.5208 0.5889
KMB have 1339 points in total
KMB
0.5365 0.6012 0.6028 0.6012 0.5962 0.5904 0.5862 0.5862 0.5804 0.5788 0.5547 0.5456 0.5431 0.5415 0.5415 0.5431 0.5431 0.5431 0.6028
CIEN have 287 points in total
CIEN
0.6409 0.6409 0.6409 0.6371 0.6293 0.6216 0.61 0.5946 0.5792 0.5637 0.529 0.5212 0.5174 0.5135 0.5251 0.5212 0.5097 0.5097 0.6409
EXPE have 1338 points in total
EXPE
0.5402 0.5411 0.5411 0.5411 0.5378 0.5369 0.5369 0.5353 0.5336 0.532 0.5245 0.5187 0.5178 0.5178 0.5178 0.5178 0.5178 0.5178 0.5411
SJM have 1157 points in total
SJM
0.5979 0.5979 0.5979 0.6008 0.5998 0.5902 0.5912 0.5864 0.5835 0.5797 0.5633 0.5537 0.5461 0.5461 0.5461 0.5461 0.5461 0.5461 0.6008
GWW have 1339 points in total
GWW
0.5697 0.5697 0.5705 0.5697 0.5655 0.5655 0.563 0.5622 0.5614 0.5589 0.5464 0.5456 0.5456 0.5448 0.5464 0.5464 0.5464 0.5464 0.5705
VRSN have 1338 points in total
VRSN
0.5485 0.5477 0.5477 0.5477 0.5444 0.5402 0.5386 0.5378 0.5361 0.5361 0.5212 0.5137 0.5129 0.517 0.5187 0.5162 0.5178 0.5145 0.5485
CTSH have 1338 points in total
CTSH
0.551 0.551 0.5527 0.5527 0.551 0.5436 0.5427 0.5427 0.5411 0.5394 0.5278 0.5237 0.522 0.5129 0.512 0.5029 0.5029 0.5029 0.5527
MS have 1339 points in total
MS
0.5622 0.563 0.563 0.563 0.563 0.563 0.563 0.5622 0.5597 0.5605 0.505 0.4992 0.4909 0.4867 0.4842 0.4851 0.4859 0.4859 0.563
SWY have 1339 points in total
SWY
0.6343 0.636 0.636 0.6318 0.6269 0.6161 0.6144 0.6119 0.6061 0.5995 0.5746 0.558 0.558 0.5539 0.5514 0.5489 0.5423 0.5357 0.636
TWX have 1339 points in total
TWX
0.6957 0.7032 0.7015 0.6982 0.6907 0.6799 0.6683 0.6584 0.6509 0.6418 0.5954 0.5638 0.5531 0.5299 0.5257 0.5216 0.5199 0.5199 0.7032
ACN have 1124 points in total
ACN
0.6057 0.6047 0.6038 0.6038 0.5958 0.5919 0.5899 0.587 0.585 0.583 0.5563 0.5435 0.5395 0.5356 0.5356 0.5356 0.5356 0.5356 0.6057
AN have 1339 points in total
AN
0.5804 0.5813 0.5846 0.5846 0.5821 0.5755 0.5738 0.5672 0.563 0.5572 0.5415 0.5357 0.5257 0.5265 0.529 0.5257 0.524 0.5265 0.5846
PCG have 1339 points in total
PCG
0.6202 0.6186 0.6202 0.6186 0.6169 0.607 0.6028 0.5954 0.592 0.5779 0.5531 0.5439 0.5357 0.5299 0.529 0.529 0.529 0.529 0.6202
SPG have 1339 points in total
SPG
0.6144 0.6136 0.6119 0.6119 0.6028 0.5978 0.5937 0.5904 0.5871 0.5804 0.5564 0.5481 0.5464 0.5398 0.5323 0.5365 0.5332 0.5332 0.6144
HON have 1339 points in total
HON
0.607 0.6028 0.6045 0.5995 0.5904 0.5879 0.5837 0.5779 0.573 0.5697 0.5439 0.5315 0.524 0.5191 0.5116 0.51 0.5083 0.5083 0.607
JWN have 1339 points in total
JWN
0.6318 0.6335 0.6343 0.6376 0.6119 0.5945 0.5879 0.5813 0.5738 0.5672 0.5423 0.5439 0.5348 0.5232 0.5265 0.5265 0.5265 0.5265 0.6376
LH have 1339 points in total
LH
0.5605 0.5597 0.5597 0.5589 0.558 0.5539 0.5522 0.5522 0.5522 0.5514 0.5464 0.539 0.534 0.5307 0.5224 0.5224 0.5224 0.5224 0.5605
MMC have 1339 points in total
MMC
0.5721 0.5713 0.5713 0.5705 0.5672 0.558 0.5589 0.5547 0.5531 0.5506 0.5348 0.5232 0.5232 0.5174 0.5166 0.5158 0.5158 0.5158 0.5721
BWA have 432 points in total
BWA
0.5141 0.5141 0.5141 0.5141 0.509 0.509 0.5116 0.5116 0.5116 0.5116 0.5013 0.4936 0.4884 0.4884 0.4884 0.4884 0.4884 0.4884 0.5141
RHI have 1339 points in total
RHI
0.5423 0.5423 0.5415 0.5423 0.5406 0.5373 0.5357 0.5332 0.5307 0.5274 0.524 0.5158 0.5066 0.5066 0.5066 0.5066 0.5066 0.5066 0.5423
BCR have 1339 points in total
BCR
0.5522 0.5522 0.5522 0.5498 0.5489 0.5456 0.5448 0.5423 0.5381 0.5348 0.5299 0.5149 0.5141 0.5141 0.5141 0.5199 0.5166 0.5166 0.5522
TDC have 1339 points in total
TDC
0.5464 0.5481 0.5481 0.5473 0.5464 0.5406 0.5398 0.539 0.5373 0.5357 0.529 0.5249 0.524 0.5257 0.5232 0.5232 0.5232 0.5232 0.5481
RAI have 1339 points in total
RAI
0.5945 0.5954 0.5945 0.5937 0.5896 0.5804 0.5813 0.5813 0.5804 0.5763 0.5614 0.5481 0.5448 0.5431 0.5431 0.5431 0.5439 0.5423 0.5954
SWK have 1339 points in total
SWK
0.5274 0.5265 0.5265 0.5174 0.5149 0.5108 0.5108 0.51 0.5083 0.5058 0.5025 0.5008 0.4992 0.4967 0.4967 0.4967 0.4967 0.4967 0.5274
MTW have 288 points in total
MTW
0.6038 0.6038 0.6038 0.6038 0.5962 0.5923 0.5923 0.5923 0.5923 0.5846 0.5654 0.5615 0.5462 0.5462 0.5462 0.5462 0.5462 0.5462 0.6038
DUK have 1339 points in total
DUK
0.6219 0.6202 0.6186 0.6169 0.6095 0.6028 0.5987 0.5987 0.5904 0.5854 0.5556 0.5448 0.5439 0.5274 0.5332 0.5307 0.5282 0.5274 0.6219
MTG have 181 points in total
MTG
0.6687 0.6687 0.6687 0.6687 0.6626 0.6503 0.6564 0.6442 0.6442 0.6135 0.5521 0.5399 0.5399 0.5399 0.5399 0.5399 0.5399 0.5399 0.6687
AMGN have 1338 points in total
AMGN
0.639 0.6415 0.6423 0.6448 0.639 0.6191 0.6149 0.6141 0.61 0.6 0.556 0.5394 0.5386 0.5228 0.5237 0.5261 0.5237 0.5203 0.6448
CERN have 1124 points in total
CERN
0.5711 0.5702 0.5702 0.5682 0.5613 0.5563 0.5514 0.5494 0.5494 0.5494 0.5455 0.5455 0.5445 0.5445 0.5435 0.5375 0.5375 0.5375 0.5711
MJN have 1097 points in total
MJN
0.5759 0.5769 0.5769 0.5759 0.5719 0.5709 0.5719 0.5688 0.5688 0.5668 0.5506 0.5466 0.5486 0.5445 0.5425 0.5425 0.5425 0.5425 0.5769
FHN have 1339 points in total
FHN
0.5721 0.5721 0.5705 0.568 0.5638 0.5572 0.5522 0.5506 0.5498 0.5498 0.5307 0.5191 0.5191 0.5199 0.5174 0.5149 0.5149 0.5149 0.5721
PPL have 1339 points in total
PPL
0.5663 0.5663 0.5663 0.5655 0.563 0.5556 0.5556 0.5556 0.5531 0.5489 0.5423 0.5398 0.5381 0.5332 0.5274 0.5265 0.5265 0.5265 0.5663
ZMH have 1339 points in total
ZMH
0.568 0.5672 0.568 0.5688 0.5655 0.5622 0.5589 0.5572 0.5564 0.5547 0.5406 0.5257 0.5224 0.5232 0.5232 0.5224 0.5224 0.5207 0.5688
CL have 1339 points in total
CL
0.5896 0.5896 0.5896 0.5904 0.5829 0.5688 0.563 0.558 0.5589 0.5556 0.5431 0.5323 0.5282 0.5265 0.5249 0.5257 0.524 0.5216 0.5904
KMX have 1124 points in total
KMX
0.5642 0.5642 0.5652 0.5642 0.5613 0.5553 0.5524 0.5504 0.5494 0.5484 0.5425 0.5415 0.5405 0.5385 0.5385 0.5385 0.5385 0.5385 0.5652
XOM have 1339 points in total
XOM
0.6352 0.636 0.6393 0.6385 0.6368 0.6352 0.6294 0.626 0.626 0.6269 0.6086 0.5837 0.5697 0.5638 0.5556 0.5489 0.5381 0.5365 0.6393
CNX have 1339 points in total
CNX
0.5987 0.5995 0.602 0.6012 0.5929 0.5904 0.5871 0.5796 0.5746 0.5713 0.5381 0.524 0.5191 0.5116 0.5108 0.5108 0.5108 0.5108 0.602
AMD have 1339 points in total
AMD
0.6758 0.6758 0.6741 0.6741 0.6675 0.6575 0.6476 0.6418 0.6352 0.6177 0.597 0.5837 0.568 0.5564 0.5522 0.5489 0.5506 0.5473 0.6758
PGR have 1339 points in total
PGR
0.568 0.568 0.5688 0.568 0.5647 0.5638 0.5614 0.5605 0.5589 0.5564 0.5406 0.5373 0.5332 0.524 0.524 0.524 0.524 0.524 0.5688
CAM have 1339 points in total
CAM
0.5597 0.5597 0.5614 0.5605 0.5597 0.5498 0.5473 0.5456 0.5332 0.529 0.51 0.5025 0.5075 0.5058 0.5058 0.5058 0.5058 0.5058 0.5614
BUD have 185 points in total
BUD
0.5509 0.5509 0.5509 0.5509 0.5449 0.5329 0.5329 0.5329 0.5329 0.5329 0.5329 0.5329 0.5329 0.5329 0.5329 0.5329 0.5329 0.5329 0.5509
SHW have 1339 points in total
SHW
0.5564 0.5572 0.5572 0.5556 0.5522 0.5498 0.5481 0.5473 0.5456 0.5439 0.5348 0.5315 0.5323 0.5307 0.5307 0.5307 0.5274 0.5274 0.5572
DRI have 1339 points in total
DRI
0.5638 0.5647 0.5655 0.5663 0.5614 0.5531 0.5506 0.5498 0.5439 0.5456 0.5265 0.5224 0.5265 0.5257 0.5257 0.5224 0.5224 0.5216 0.5663
PDCO have 1338 points in total
PDCO
0.5494 0.5494 0.5494 0.5494 0.5477 0.5444 0.5444 0.5444 0.5444 0.5411 0.5386 0.5378 0.5369 0.5295 0.5295 0.5286 0.527 0.527 0.5494
VIA have 181 points in total
VIA
0.6748 0.6748 0.6748 0.6748 0.6626 0.6564 0.6564 0.6564 0.6442 0.6442 0.6012 0.6012 0.6012 0.6074 0.6074 0.6135 0.6135 0.6135 0.6748
NWL have 1339 points in total
NWL
0.5506 0.5506 0.5514 0.5506 0.5473 0.5406 0.5398 0.539 0.539 0.5365 0.5207 0.5182 0.5182 0.5182 0.5182 0.5182 0.5182 0.5182 0.5514
QEP have 759 points in total
QEP
0.5687 0.5687 0.5673 0.5673 0.5673 0.5614 0.5556 0.5556 0.5453 0.5439 0.538 0.5307 0.5322 0.5322 0.5322 0.5322 0.5322 0.5322 0.5687
CLX have 1339 points in total
CLX
0.5887 0.5896 0.5896 0.5879 0.5862 0.5796 0.5763 0.573 0.5705 0.5688 0.5572 0.5481 0.5456 0.5373 0.5381 0.5357 0.5357 0.5357 0.5896
CCL have 1339 points in total
CCL
0.5746 0.573 0.573 0.5705 0.5663 0.5572 0.5547 0.5506 0.5473 0.5423 0.5182 0.5 0.5033 0.5 0.5 0.5 0.5 0.5 0.5746
MET have 1339 points in total
MET
0.6625 0.6675 0.6683 0.6683 0.6642 0.6526 0.6443 0.6352 0.6252 0.6086 0.5672 0.5514 0.5415 0.5332 0.524 0.5274 0.5265 0.5182 0.6683
UTX have 1339 points in total
UTX
0.6468 0.6468 0.6468 0.6501 0.6468 0.6343 0.6335 0.6269 0.6202 0.6128 0.5655 0.5456 0.5357 0.5158 0.5149 0.5158 0.5141 0.5091 0.6501
SCHW have 1338 points in total
SCHW
0.6631 0.6639 0.6639 0.6614 0.6506 0.6357 0.6282 0.6257 0.6083 0.6033 0.5726 0.5477 0.5386 0.5303 0.5187 0.5187 0.5071 0.5071 0.6639
ETN have 1339 points in total
ETN
0.5589 0.5605 0.5597 0.5589 0.5556 0.5498 0.5473 0.5456 0.5423 0.5439 0.5299 0.5174 0.5108 0.5116 0.51 0.5091 0.5091 0.5091 0.5605
FFIV have 1124 points in total
FFIV
0.5721 0.5711 0.5711 0.5711 0.5682 0.5553 0.5534 0.5504 0.5494 0.5484 0.5316 0.5237 0.5138 0.5119 0.5109 0.5089 0.5089 0.5089 0.5721
PCL have 1339 points in total
PCL
0.5456 0.5456 0.5464 0.5464 0.5456 0.5431 0.5381 0.5357 0.5348 0.5315 0.529 0.5299 0.529 0.529 0.529 0.5307 0.5307 0.5282 0.5464
FTI have 1124 points in total
FTI
0.5425 0.5425 0.5425 0.5405 0.5385 0.5316 0.5306 0.5296 0.5296 0.5296 0.5208 0.5178 0.5148 0.5148 0.5148 0.5148 0.5148 0.5148 0.5425
COL have 1339 points in total
COL
0.5456 0.5464 0.5464 0.5448 0.539 0.529 0.5265 0.5232 0.5191 0.5166 0.5041 0.5017 0.5033 0.5033 0.5033 0.5033 0.5033 0.5033 0.5464
FTR have 1228 points in total
FTR
0.5805 0.5823 0.5805 0.5778 0.5769 0.5741 0.5696 0.5678 0.566 0.5642 0.5524 0.5416 0.5416 0.5398 0.5316 0.5298 0.5298 0.5298 0.5823
VLO have 1339 points in total
VLO
0.7753 0.7695 0.7653 0.7587 0.7413 0.7222 0.7181 0.7073 0.6998 0.694 0.6318 0.5954 0.5945 0.573 0.5506 0.5357 0.5315 0.5274 0.7753
CVC have 1124 points in total
CVC
0.6067 0.6038 0.6028 0.6018 0.5958 0.585 0.581 0.5771 0.5711 0.5662 0.5346 0.5168 0.5049 0.5099 0.503 0.497 0.497 0.497 0.6067
ALXN have 1124 points in total
ALXN
0.5534 0.5534 0.5524 0.5524 0.5474 0.5445 0.5445 0.5435 0.5435 0.5425 0.5346 0.5326 0.5326 0.5326 0.5326 0.5326 0.5326 0.5326 0.5534
MON have 1339 points in total
MON
0.6078 0.6061 0.6061 0.607 0.5995 0.5871 0.5788 0.5763 0.5672 0.5556 0.529 0.5224 0.5216 0.5124 0.5075 0.5041 0.5075 0.5058 0.6078
DFS have 1339 points in total
DFS
0.6443 0.6443 0.6426 0.6434 0.6393 0.626 0.6202 0.6169 0.6119 0.607 0.5879 0.5672 0.5539 0.5489 0.5481 0.5348 0.5323 0.5323 0.6443
DTV have 1338 points in total
DTV
0.6058 0.6033 0.6025 0.6033 0.5983 0.5909 0.5876 0.5842 0.5801 0.5743 0.5577 0.5535 0.5469 0.5452 0.5444 0.5419 0.5419 0.5427 0.6058
WMT have 1339 points in total
WMT
0.5705 0.5713 0.5713 0.5697 0.5713 0.5688 0.5688 0.5672 0.5672 0.5638 0.5481 0.5381 0.529 0.5299 0.5323 0.5274 0.524 0.5224 0.5713
ADSK have 1338 points in total
ADSK
0.5784 0.5776 0.5759 0.5776 0.5726 0.5635 0.5627 0.5602 0.561 0.5502 0.5386 0.5311 0.5228 0.5253 0.522 0.5187 0.5178 0.5178 0.5784
STJ have 1339 points in total
STJ
0.6078 0.607 0.6053 0.607 0.5962 0.5846 0.5854 0.5829 0.5804 0.5755 0.5522 0.5423 0.539 0.5307 0.5299 0.5191 0.5199 0.5199 0.6078
KBH have 288 points in total
KBH
0.6269 0.6231 0.6231 0.6231 0.6269 0.6231 0.6115 0.5962 0.5923 0.5923 0.5654 0.5577 0.5731 0.5192 0.5192 0.5115 0.5 0.4962 0.6269
BBY have 1339 points in total
BBY
0.66 0.6617 0.6609 0.6584 0.6559 0.6434 0.641 0.6318 0.6294 0.6161 0.5854 0.5597 0.5547 0.5348 0.5257 0.5166 0.5124 0.5124 0.6617
TWC have 1124 points in total
TWC
0.6581 0.6611 0.6611 0.6611 0.6532 0.6443 0.6393 0.6383 0.6354 0.6265 0.5889 0.5642 0.5623 0.5563 0.5514 0.5464 0.5395 0.5395 0.6611
NSM have 446 points in total
NSM
0.5124 0.5124 0.5124 0.5124 0.5124 0.5124 0.5124 0.5124 0.5124 0.5124 0.5124 0.5124 0.5124 0.5124 0.5124 0.5124 0.5124 0.5124 0.5124
NVDA have 1338 points in total
NVDA
0.6929 0.6938 0.6921 0.6921 0.6896 0.6788 0.6722 0.6622 0.6556 0.6432 0.595 0.5784 0.5668 0.556 0.5535 0.5527 0.527 0.5237 0.6938
WLP have 1339 points in total
WLP
0.6526 0.6509 0.6484 0.6468 0.641 0.6277 0.6202 0.6119 0.6036 0.6003 0.5713 0.5431 0.5406 0.5348 0.5182 0.5174 0.5174 0.5191 0.6526
COF have 1339 points in total
COF
0.67 0.6692 0.67 0.6708 0.6667 0.6609 0.6592 0.6493 0.636 0.6277 0.5746 0.573 0.558 0.5498 0.5481 0.5464 0.539 0.5174 0.6708
LMT have 1339 points in total
LMT
0.6725 0.6725 0.67 0.6683 0.6609 0.6501 0.6385 0.6294 0.6211 0.607 0.5713 0.5448 0.5332 0.5307 0.5232 0.5232 0.5216 0.5207 0.6725
CELG have 1338 points in total
CELG
0.6116 0.6108 0.6108 0.6091 0.6017 0.595 0.5917 0.59 0.5859 0.5834 0.561 0.5344 0.5336 0.5344 0.5344 0.5344 0.5344 0.5344 0.6116
STT have 1339 points in total
STT
0.6542 0.6551 0.6575 0.6534 0.6468 0.6327 0.6211 0.6144 0.6144 0.6128 0.5746 0.5506 0.5381 0.5332 0.5257 0.5216 0.5207 0.5207 0.6575
C have 1339 points in total
C
0.5174 0.5174 0.5174 0.5174 0.5174 0.5182 0.5174 0.5174 0.5166 0.5166 0.5108 0.5091 0.5025 0.5017 0.5017 0.5017 0.5017 0.4992 0.5182
COST have 1338 points in total
COST
0.6448 0.6465 0.644 0.6448 0.6357 0.6465 0.6432 0.6324 0.6257 0.6183 0.5793 0.5519 0.5419 0.5336 0.5311 0.5295 0.5303 0.5245 0.6465
PX have 1339 points in total
PX
0.5672 0.568 0.5697 0.5705 0.5655 0.5597 0.5564 0.5556 0.5539 0.5489 0.5357 0.5315 0.5282 0.5282 0.5282 0.5282 0.5282 0.5282 0.5705
ASH have 181 points in total
ASH
0.5828 0.5828 0.5828 0.5767 0.5767 0.5644 0.5644 0.5583 0.5521 0.546 0.5153 0.5092 0.5092 0.5092 0.5092 0.5092 0.5092 0.5092 0.5828
NTRS have 1338 points in total
NTRS
0.5851 0.5826 0.5784 0.5759 0.5718 0.5668 0.566 0.5643 0.5635 0.5635 0.5452 0.5303 0.5203 0.5195 0.517 0.5112 0.5087 0.5087 0.5851
S have 1339 points in total
S
0.5025 0.5025 0.5025 0.5025 0.5025 0.5025 0.5025 0.5025 0.5025 0.5025 0.5025 0.5025 0.5025 0.5025 0.5025 0.5025 0.5025 0.5025 0.5025
SRE have 1339 points in total
SRE
0.5771 0.5755 0.5746 0.5746 0.5655 0.5605 0.558 0.5564 0.5539 0.5514 0.5365 0.5265 0.5108 0.5091 0.5124 0.5124 0.5124 0.5124 0.5771
KO have 1339 points in total
KO
0.7197 0.7214 0.7172 0.7148 0.6973 0.6791 0.6633 0.6526 0.6451 0.6376 0.5854 0.5531 0.5522 0.5456 0.5415 0.5332 0.5323 0.534 0.7214
BIG have 1339 points in total
BIG
0.5697 0.5448 0.5431 0.5431 0.5381 0.5282 0.5257 0.5249 0.5232 0.524 0.5439 0.5149 0.5025 0.4975 0.4942 0.4892 0.4892 0.4892 0.5697
CHK have 1339 points in total
CHK
0.6998 0.6973 0.6949 0.6924 0.6857 0.6733 0.6683 0.6692 0.6592 0.6526 0.6136 0.5779 0.568 0.5597 0.5514 0.5489 0.5415 0.5464 0.6998
LYB have 793 points in total
LYB
0.6821 0.6849 0.6835 0.6877 0.6779 0.6639 0.6569 0.6499 0.6401 0.6359 0.605 0.5742 0.5728 0.5644 0.5644 0.5644 0.5644 0.5644 0.6877
OKE have 1124 points in total
OKE
0.5702 0.5692 0.5692 0.5692 0.5672 0.5662 0.5662 0.5662 0.5652 0.5642 0.5603 0.5494 0.5504 0.5474 0.5464 0.5464 0.5464 0.5464 0.5702
NBR have 1339 points in total
NBR
0.6012 0.6012 0.6036 0.602 0.5954 0.5904 0.5821 0.5771 0.573 0.5663 0.5506 0.5373 0.524 0.5199 0.5199 0.5182 0.5182 0.5182 0.6036
DVA have 1229 points in total
DVA
0.5402 0.5411 0.5402 0.5402 0.5366 0.533 0.5321 0.5321 0.5321 0.5285 0.523 0.523 0.523 0.5158 0.5158 0.5158 0.5158 0.5158 0.5411
BHI have 1339 points in total
BHI
0.6352 0.636 0.6343 0.636 0.6252 0.6153 0.6111 0.6036 0.597 0.592 0.5614 0.5572 0.5556 0.5439 0.5423 0.5373 0.5348 0.5357 0.636
ARG have 1124 points in total
ARG
0.5741 0.5741 0.5751 0.5751 0.5711 0.5672 0.5672 0.5652 0.5652 0.5613 0.5484 0.5445 0.5435 0.5415 0.5415 0.5435 0.5445 0.5425 0.5751
CI have 1339 points in total
CI
0.6202 0.6186 0.6177 0.6161 0.6144 0.6028 0.5978 0.5937 0.5862 0.5788 0.5456 0.5299 0.524 0.5182 0.5075 0.5008 0.4834 0.4834 0.6202
FLIR have 1124 points in total
FLIR
0.5267 0.5267 0.5247 0.5247 0.5237 0.5198 0.5178 0.5138 0.5138 0.5109 0.5059 0.5119 0.5119 0.5059 0.5059 0.5059 0.5059 0.5059 0.5267
PNR have 1124 points in total
PNR
0.5464 0.5464 0.5464 0.5464 0.5425 0.5405 0.5395 0.5346 0.5316 0.5316 0.5188 0.5188 0.5178 0.5158 0.5158 0.5158 0.5158 0.5158 0.5464
MU have 1339 points in total
MU
0.6642 0.6642 0.6658 0.6642 0.66 0.6501 0.6434 0.6376 0.6302 0.6252 0.5887 0.5547 0.5398 0.5423 0.5158 0.5166 0.5158 0.5075 0.6658
CPB have 1339 points in total
CPB
0.6053 0.6053 0.6045 0.6028 0.5995 0.5896 0.5862 0.5846 0.5813 0.5746 0.5622 0.5522 0.5489 0.5464 0.5481 0.5473 0.5464 0.5456 0.6053
ZION have 1338 points in total
ZION
0.6058 0.6066 0.6066 0.6058 0.5992 0.595 0.5909 0.5876 0.5826 0.5776 0.5461 0.5394 0.527 0.5203 0.5195 0.5212 0.5178 0.5062 0.6066
GIS have 1339 points in total
GIS
0.636 0.6343 0.6352 0.6352 0.6244 0.6136 0.607 0.602 0.5978 0.5945 0.5547 0.5473 0.5415 0.5431 0.5456 0.5473 0.5464 0.5439 0.636
URBN have 1124 points in total
URBN
0.5573 0.5573 0.5573 0.5543 0.5445 0.5405 0.5346 0.5336 0.5336 0.5296 0.5158 0.5109 0.5128 0.504 0.502 0.502 0.502 0.502 0.5573
HIG have 1339 points in total
HIG
0.6269 0.6302 0.6318 0.6269 0.6161 0.6095 0.6036 0.6003 0.5945 0.592 0.539 0.5191 0.51 0.5091 0.5058 0.4983 0.4967 0.4876 0.6318
KRFT have 190 points in total
KRFT
0.6374 0.6374 0.6433 0.6433 0.6257 0.6257 0.6199 0.614 0.5965 0.5965 0.5789 0.5731 0.5614 0.5439 0.5439 0.5497 0.5439 0.5439 0.6433
TIF have 1339 points in total
TIF
0.6235 0.6211 0.6227 0.6211 0.6161 0.6078 0.6045 0.5978 0.5929 0.5904 0.5224 0.5166 0.5058 0.5058 0.505 0.495 0.4959 0.4983 0.6235
PNC have 1339 points in total
PNC
0.6799 0.6783 0.6799 0.6783 0.67 0.6584 0.6526 0.6418 0.6418 0.6352 0.5829 0.558 0.5514 0.5174 0.5191 0.5141 0.5274 0.5158 0.6799
TAP have 1339 points in total
TAP
0.5564 0.5572 0.5572 0.5564 0.5498 0.5456 0.5439 0.5423 0.5398 0.5381 0.5348 0.5265 0.5257 0.5207 0.5207 0.5207 0.5207 0.5207 0.5572
PCP have 1339 points in total
PCP
0.5323 0.5323 0.5332 0.534 0.5315 0.5232 0.5216 0.5199 0.5191 0.5182 0.5158 0.5182 0.5083 0.5058 0.505 0.505 0.505 0.505 0.534
CMS have 1339 points in total
CMS
0.5697 0.5697 0.5705 0.5705 0.5672 0.5663 0.5663 0.5655 0.5663 0.5655 0.5614 0.5547 0.5539 0.5539 0.5539 0.5539 0.5539 0.5539 0.5705
AGN have 1339 points in total
AGN
0.5622 0.5622 0.5614 0.5638 0.5605 0.5547 0.5539 0.5498 0.5481 0.5464 0.524 0.5224 0.5216 0.5174 0.5133 0.5133 0.5133 0.5133 0.5638
AMZN have 1338 points in total
AMZN
0.5187 0.5187 0.5203 0.5203 0.5212 0.5203 0.5203 0.5187 0.5137 0.5112 0.4996 0.4971 0.4954 0.4954 0.4954 0.4954 0.4954 0.4954 0.5212
recommend using l1 =  0.1
