20080702	-1
20081013	1
20110629	1
20130517	1
20090609	1
20080306	-1
20091110	-1
20111109	-1
20080515	1
20121121	-1
20080905	-1
20121112	-1
20090721	-1
20091116	1
20121218	1
20111220	1
20091223	1
20130228	-1
20090406	1
20130410	-1
20090106	1
20090803	1
20110720	1
20120501	1
20120709	1
20110512	-1
20100223	-1
20110317	1
20120601	-1
20080414	1
20100331	-1
20100505	-1
20100611	1
20081223	-1
20090515	-1
20111118	1
20100514	-1
20110928	-1
20121127	-1
20101221	1
20120918	-1
20090811	-1
20101020	1
20090826	-1
20091124	-1
20110728	1
20130312	-1
20080418	-1
20080303	1
20110428	1
20100831	1
20100826	-1
20100823	-1
20101025	-1
20101022	1
20090320	-1
20100712	1
20090123	1
20101019	-1
20100730	-1
20110901	-1
20110519	-1
20100420	1
20110510	1
20110913	-1
20111121	-1
20130613	1
20110103	1
20110310	-1
20080730	-1
20120718	-1
20090925	-1
20120104	-1
20110506	1
20120614	1
20100723	1
20081203	1
20130322	-1
20130419	1
20111025	-1
20091203	-1
20080930	1
20081226	1
20120808	-1
20120203	1
20130129	1
20110513	-1
20091215	-1
20080725	1
20090224	1
20120516	-1
20110623	-1
20091120	-1
20120201	-1
20120801	-1
20090730	1
20120815	1
20100923	-1
20090722	1
20110927	1
20090206	1
20110829	1
20120611	-1
20091111	1
20090610	-1
20120530	-1
20130207	-1
20100419	1
20091204	1
20090709	-1
20090820	1
20121210	-1
20120105	1
20090508	1
20080804	1
20080922	-1
20101207	1
20120424	1
20120405	-1
20110110	-1
20121005	1
20130507	1
20130405	1
20100609	-1
20110818	-1
20111216	1
20100322	1
20090330	-1
20100621	-1
20110211	1
20120302	-1
20100702	-1
20120924	-1
20080313	1
20090831	-1
20111012	1
20080404	-1
20101122	1
20111117	-1
20111104	-1
20130114	-1
20110722	1
20130208	1
20100210	1
20090619	1
20100729	1
20111101	-1
20090212	-1
20120316	1
20120827	-1
20100824	-1
20120106	-1
20081117	-1
20121031	1
20100226	1
20090731	1
20130424	1
20100816	1
20120229	-1
20100625	1
20090423	1
20100209	-1
20120910	-1
20090203	-1
20090507	-1
20130318	1
20091208	-1
20120301	1
20100809	1
20120629	1
20100708	1
20110201	-1
20090723	1
20080509	-1
20081010	1
20110209	1
20080707	-1
20090716	1
20110104	-1
20111125	1
20121017	-1
20121003	1
20120824	1
20130320	1
20120807	-1
20100722	1
20120716	1
20100618	-1
20080623	-1
20121116	-1
20090813	-1
20081118	1
20130522	-1
20080805	1
20080428	-1
20130131	1
20080611	-1
20110314	-1
20100726	1
20130115	1
20130621	1
20080813	-1
20120731	-1
20090529	1
20110301	-1
20130213	-1
20110113	1
20080227	-1
20090928	1
20080522	1
20081126	1
20111122	1
20100225	1
20080904	-1
20080819	-1
20120830	1
20120227	-1
20100616	1
20100721	-1
20100104	-1
20090311	-1
20100803	-1
20080401	1
20090728	1
20121221	-1
20130402	1
20130109	1
20081120	-1
20090626	-1
20121128	-1
20111207	1
20121114	-1
20101230	-1
20080520	-1
20110210	1
20120823	-1
20120626	1
20110602	-1
20100317	1
20081028	1
20120619	1
20090916	1
20100211	1
20080811	1
20120726	1
20090128	1
20091020	-1
20120816	1
20100503	1
20080523	-1
20101123	-1
20080516	1
20100929	-1
20111013	-1
20121011	-1
20090408	1
20110323	-1
20090513	-1
20091009	1
20130523	-1
20080403	1
20110204	-1
20081105	-1
20100624	-1
20111006	1
20090402	1
20130103	-1
20101213	-1
20101026	-1
20100930	1
20120911	-1
20120321	-1
20130418	1
20090908	1
20090129	-1
20091221	1
20090309	1
20120309	1
20080521	-1
20120423	-1
20090424	1
20121105	-1
20111222	1
20081007	-1
20121226	-1
20120926	-1
20120810	1
20090519	-1
20130128	1
20100309	1
20081219	1
20100310	1
20120604	1
20110118	1
20120404	-1
20090225	-1
20080314	-1
20111028	1
20100922	1
20100517	1
20081029	-1
20101206	-1
20080925	1
20110811	1
20120515	-1
20081125	1
20110909	-1
20130610	-1
20081008	1
20110303	1
20110812	-1
20110627	1
20110606	-1
20080618	-1
20110921	-1
20090617	-1
20130118	1
20110419	1
20130531	-1
20080304	-1
20090901	-1
20080317	-1
20090821	1
20101029	-1
20091228	-1
20080228	1
20130429	1
20080616	-1
20110526	1
20101216	-1
20100928	-1
20110311	1
20080703	-1
20121219	1
20101220	1
20100827	1
20110321	1
20130215	-1
20081106	-1
20130423	1
20120425	1
20090413	-1
20080806	-1
20080519	-1
20090109	-1
20110926	1
20111102	1
20081210	1
20100422	1
20110325	1
20090708	1
20081003	-1
20100302	1
20101001	1
20090205	-1
20130225	-1
20120327	-1
20111128	1
20110124	-1
20100329	1
20110302	-1
20090707	-1
20081111	-1
20100308	1
20080530	1
20100304	1
20100415	-1
20121019	1
20090608	-1
20121023	1
20090422	-1
20111111	1
20111229	1
20130618	-1
20090921	-1
20100111	1
20121012	-1
20120820	-1
20080812	-1
20091207	-1
20130510	-1
20090210	-1
20100924	1
20120322	-1
20121224	1
20100413	1
20080429	-1
20120305	1
20130220	-1
20080507	-1
20120628	1
20110218	1
20081110	1
20100811	-1
20091008	-1
20101215	-1
20110628	1
20120209	-1
20100714	1
20120308	-1
20130426	1
20101011	1
20110329	1
20101201	1
20090417	1
20101028	-1
20080513	1
20080711	1
20130401	1
20090303	-1
20101015	-1
20110120	1
20100421	1
20110525	1
20120912	1
20091224	1
20110622	-1
20110427	1
20120510	-1
20090323	1
20081113	1
20120717	1
20080825	-1
20121123	1
20120809	-1
20090202	1
20101102	1
20100108	-1
20090403	1
20080328	-1
20110923	-1
20111123	-1
20081119	-1
20110222	-1
20100125	1
20080612	-1
20081218	-1
20110328	-1
20110516	1
20110617	1
20100205	1
20110719	1
20100817	1
20100518	-1
20110119	-1
20120131	1
20081230	1
20080505	1
20090120	-1
20100204	-1
20090720	1
20100216	1
20130117	1
20110707	1
20100511	-1
20110407	-1
20081217	1
20081208	1
20080701	1
20110701	1
20080425	-1
20080916	1
20090729	-1
20080320	1
20100706	-1
20100915	1
20080919	1
20130404	1
20101203	-1
20120123	1
20080310	1
20110502	-1
20120618	1
20100203	-1
20100830	-1
20080903	1
20090421	1
20130430	1
20110415	1
20111209	1
20081224	-1
20110505	-1
20100128	-1
20080910	-1
20110126	1
20111031	-1
20091016	-1
20080502	-1
20091001	-1
20090622	-1
20080818	-1
20100608	1
20120119	1
20081211	-1
20090316	-1
20120418	-1
20080610	-1
20110503	-1
20080923	-1
20110819	-1
20120315	1
20110324	1
20130509	-1
20090407	-1
20090302	-1
20101007	1
20120206	-1
20110413	-1
20091103	1
20120914	1
20100504	-1
20100506	-1
20090817	-1
20130521	1
20110527	1
20101210	1
20100819	-1
20100927	-1
20130206	1
20120117	-1
20101129	-1
20130124	1
20100129	1
20101012	1
20111213	-1
20120411	1
20111107	1
20120224	-1
20120110	1
20130123	-1
20121102	1
20090629	-1
20100115	-1
20091104	-1
20120330	1
20090217	-1
20090522	-1
20120217	-1
20090929	-1
20080613	1
20090504	1
20120518	-1
20130219	1
20100607	-1
20080716	1
20130513	1
20091209	-1
20100105	1
20090611	-1
20090612	1
20110518	1
20120403	-1
20101115	-1
20120517	-1
20080602	-1
20120112	-1
20130612	-1
20101004	-1
20130516	-1
20110214	-1
20080408	-1
20110316	-1
20120312	1
20081209	-1
20110411	1
20130503	1
20080423	1
20080829	-1
20110607	1
20120314	-1
20120208	1
20091210	-1
20101227	1
20101014	1
20090112	-1
20110315	-1
20130604	-1
20081002	-1
20101202	1
20120113	1
20101005	1
20120522	-1
20091105	1
20110420	1
20081022	-1
20121120	-1
20111005	1
20110825	-1
20130319	1
20090630	1
20130506	1
20091030	-1
20090924	-1
20120313	1
20100519	-1
20130606	1
20100430	-1
20120320	1
20130415	-1
20120413	-1
20110620	1
20111223	1
20100303	-1
20100701	1
20110916	1
20090325	1
20120828	1
20080409	-1
20090918	1
20120216	1
20110919	-1
20080801	-1
20130514	-1
20100812	-1
20090429	1
20090717	-1
20120410	-1
20090511	-1
20100106	-1
20120829	1
20111230	-1
20121024	1
20120627	1
20130416	1
20100707	1
20120426	1
20100802	1
20100405	1
20120813	-1
20100423	1
20090604	1
20101126	-1
20100716	-1
20091231	-1
20110106	-1
20100806	-1
20091230	1
20110908	1
20100825	1
20100318	1
20090904	1
20111110	1
20080814	1
20090430	1
20080605	1
20091130	1
20120427	1
20110712	1
20100323	1
20130110	1
20101130	-1
20121205	-1
20080821	-1
20130620	-1
20080722	1
20120202	1
20090623	1
20130307	-1
20121009	-1
20080808	1
20091013	-1
20080603	1
20091015	1
20090618	1
20130614	-1
20090910	1
20100122	-1
20090116	1
20110203	1
20121126	1
20090310	1
20110616	1
20110907	1
20120306	-1
20130327	-1
20121227	-1
20091014	1
20091026	-1
20091222	1
20110920	1
20101006	-1
20080721	-1
20091006	1
20100412	-1
20090130	-1
20100201	1
20110824	1
20100709	1
20081009	-1
20121228	-1
20110817	1
20091106	-1
20091123	1
20130222	1
20110601	-1
20110418	-1
20100719	1
20101228	1
20090428	-1
20110805	-1
20110224	-1
20100715	-1
20130408	1
20130412	-1
20120109	-1
20090714	1
20111004	1
20090601	1
20120509	-1
20110810	-1
20090616	-1
20121008	1
20081017	1
20080718	1
20080822	1
20121212	-1
20080815	1
20130102	1
20090702	-1
20120228	-1
20110808	-1
20120613	-1
20130409	1
20090218	1
20091201	1
20101118	1
20081128	-1
20091218	1
20110608	1
20090812	1
20121113	1
20090825	1
20090331	1
20080325	-1
20130326	1
20080715	1
20090903	1
20080709	-1
20090917	-1
20111228	-1
20120523	-1
20090115	1
20121106	1
20110706	1
20120725	-1
20110406	-1
20100908	-1
20100301	1
20110613	-1
20100601	-1
20121108	-1
20130226	1
20080417	-1
20111108	1
20080609	-1
20110331	1
20081016	1
20130104	1
20091119	-1
20100921	-1
20120822	1
20101111	-1
20091027	-1
20110615	-1
20091202	1
20090915	1
20110912	1
20090505	-1
20090327	-1
20080324	1
20101116	-1
20110816	1
20100114	-1
20080416	1
20110318	-1
20111206	1
20121022	-1
20080620	-1
20100913	1
20110721	1
20090818	1
20110610	-1
20080307	1
20130301	1
20121204	-1
20111021	1
20100615	1
20090122	-1
20120706	1
20120605	1
20120215	-1
20080911	1
20090923	-1
20100224	1
20111011	-1
20090401	-1
20110223	-1
20100416	-1
20121115	-1
20120814	-1
20100914	-1
20081215	-1
20111019	-1
20120705	-1
20101021	1
20100622	-1
20120210	-1
20120127	1
20081006	-1
20080527	1
20130201	1
20130107	-1
20090521	1
20090304	-1
20080617	-1
20110125	1
20130116	1
20100630	-1
20080625	1
20100902	1
20100917	-1
20110128	-1
20121214	1
20110207	1
20080528	-1
20090317	1
20120126	1
20130204	1
20130125	1
20101104	1
20091023	1
20100121	-1
20110726	1
20080411	-1
20100510	1
20101124	1
20110225	1
20080514	-1
20090108	-1
20120507	1
20090306	1
20110429	-1
20100901	1
20100427	-1
20130502	1
20100319	-1
20110708	1
20111116	-1
20100113	1
20130530	-1
20110630	1
20121025	-1
20100525	1
20080430	-1
20091022	1
20080421	-1
20120508	-1
20120319	1
20081023	1
20101231	-1
20110504	1
20090624	1
20100528	-1
20091125	1
20090102	-1
20080424	1
20091021	-1
20130508	-1
20120622	-1
20100813	1
20111212	-1
20120207	1
20081204	-1
20100202	1
20081112	-1
20100602	1
20110705	1
20130501	-1
20080915	-1
20080724	-1
20121220	1
20090416	1
20120802	1
20130315	1
20100414	-1
20130425	-1
20120118	1
20080827	1
20100513	-1
20130305	1
20120920	-1
20100408	-1
20120223	1
20120511	1
20090701	1
20101103	-1
20090710	-1
20110802	-1
20121026	-1
20090226	-1
20120921	-1
20130515	1
20100614	1
20100406	1
20100316	1
20111024	1
20111014	1
20111214	1
20091113	1
20100127	1
20120702	1
20091217	1
20101217	1
20111003	-1
20121119	1
20090804	1
20090828	-1
20090415	1
20120713	1
20130611	-1
20090305	-1
20110801	-1
20081114	-1
20100120	-1
20090506	1
20100107	-1
20081020	1
20110412	-1
20090528	1
20081024	-1
20101208	-1
20111018	1
20110714	-1
20080319	1
20120907	-1
20100617	1
20080407	1
