20091110	-1
20130422	-1
20091214	-1
20091021	-1
20090325	-1
20101005	1
20121214	-1
20091215	-1
20100609	1
20120927	1
20090213	1
20121129	-1
20100607	-1
20100427	-1
20090814	-1
20110718	-1
20100223	-1
20110216	1
20130111	-1
20090330	-1
20120201	1
20120111	1
20091103	1
20090218	-1
20091008	1
20100430	-1
20120625	-1
20111019	-1
20090108	1
20120806	-1
20100208	-1
20120125	1
20111108	1
20110412	-1
20091009	1
20111024	1
20120413	-1
20110426	1
20120516	-1
20090828	1
20100301	1
20130618	1
20120417	1
20100202	1
20091130	-1
20091022	1
20091015	1
20100512	1
20091217	-1
20091228	1
20100309	-1
20130311	1
20090414	-1
20110309	1
20120810	1
20110914	1
20130521	1
20110418	-1
20091104	-1
20111004	1
20111109	-1
20091223	-1
20130123	-1
20100726	1
20121115	1
20130213	1
20091105	1
20090309	-1
20130206	1
20111223	1
20090817	-1
20110614	1
20110728	-1
20090610	1
20100111	1
20121226	-1
20101115	1
20101221	1
20130412	-1
20120106	1
20110311	1
20090430	1
20101227	1
20091030	-1
20110503	-1
20100614	1
20110131	1
20120808	1
20110204	1
20130109	1
20090720	1
20100526	1
20111213	-1
20090226	-1
20110202	1
20091029	1
20120411	1
20110603	-1
20110627	-1
20130502	1
20130510	1
20100107	-1
20120622	1
20101006	1
20101202	1
20120801	1
20130401	-1
20130308	1
20100721	1
20101201	1
20100420	1
20090824	-1
20111116	-1
20110609	-1
20110324	1
20100810	-1
20110803	1
20121023	-1
20090805	-1
20090106	1
20121231	1
20121127	-1
20120718	1
20110207	1
20091109	1
20110512	1
20100330	1
20110114	1
20130114	-1
20090109	-1
20130214	1
20090813	1
20100622	-1
20111205	1
20120523	1
20111220	1
20090721	1
20120410	-1
20121123	1
20110729	-1
20090428	-1
20091224	1
20090311	1
20130225	-1
20120820	-1
20110415	1
20110909	-1
20100712	-1
20100525	-1
20090701	1
20110103	1
20101108	-1
20101027	-1
20120113	1
20100830	-1
20100629	-1
20121018	-1
20120524	1
20120917	-1
20120926	-1
20110711	-1
20101020	1
20110624	-1
20100916	1
20110616	1
20100913	1
20101230	-1
20090629	1
20110712	-1
20120601	-1
20110407	-1
20130404	1
20100729	-1
20110922	-1
20090407	-1
20090518	1
20120426	1
20090928	1
20130531	-1
20100315	-1
20100608	1
20100727	-1
20090514	1
20100217	1
20100921	1
20111003	-1
20111027	1
20111115	1
20130405	-1
20090204	-1
20110210	1
20100804	1
20111014	1
20100127	-1
20101117	1
20121017	1
20090205	-1
20110425	-1
20100922	-1
20121002	1
20100205	-1
20130107	-1
20130122	1
20111215	1
20121112	1
20120925	-1
20110608	-1
20130221	1
20100924	1
20130208	1
20091120	1
20090616	-1
20090127	1
20090831	-1
20120530	-1
20090304	1
20100122	-1
20130110	-1
20101111	-1
20121008	-1
20120809	-1
20110708	-1
20110504	-1
20090702	-1
20100505	-1
20100825	-1
20120131	-1
20111229	1
20110622	-1
20120202	-1
20130403	-1
20090123	1
20120605	1
20111018	1
20120120	-1
20111101	-1
20110929	1
20101206	1
20090612	-1
20110721	1
20101217	-1
20090507	-1
20101215	-1
20100603	1
20101208	-1
20090709	1
20100625	1
20110531	1
20110106	-1
20090528	-1
20120823	1
20090506	-1
20091001	-1
20130516	-1
20110705	-1
20111219	-1
20120206	1
20130307	1
20100413	1
20120313	1
20120719	1
20120619	1
20130424	1
20110822	-1
20120604	-1
20110607	1
20101028	1
20090923	-1
20090306	-1
20120315	-1
20120430	-1
20111121	-1
20120104	-1
20130318	-1
20111207	-1
20090729	1
20120911	-1
20120126	-1
20120816	1
20100813	-1
20110510	1
20120905	-1
20111122	1
20120302	1
20121218	1
20120117	1
20110509	1
20130130	-1
20101110	1
20120203	1
20120813	1
20091005	1
20101103	-1
20100805	-1
20090810	-1
20091020	-1
20130417	-1
20090915	1
20090318	1
20100114	1
20100527	1
20121116	1
20120326	1
20090821	1
20090901	-1
20100421	1
20091125	-1
20110208	1
20121025	1
20120127	1
20120828	-1
20121128	1
20100826	1
20110606	-1
20130322	1
20110713	1
20110308	1
20100506	-1
20100106	1
20130508	1
20100728	-1
20111025	-1
20121109	1
20090619	1
20100203	1
20110401	1
20130228	1
20120515	-1
20111123	-1
20100709	1
20100929	-1
20111111	1
20110330	-1
20120822	-1
20120403	-1
20090807	1
20120503	-1
20090727	-1
20101026	1
20100325	-1
20101123	-1
20130128	-1
20100105	-1
20120906	1
20110825	-1
20091202	-1
20090122	-1
20120306	-1
20090922	1
20091119	-1
20100910	-1
20111114	1
20100128	-1
20101130	1
20110902	-1
20130204	-1
20101008	-1
20100331	1
20120815	1
20090303	1
20100630	1
20110808	-1
20130509	-1
20110915	1
20090203	1
20120914	1
20130314	1
20090327	-1
20101112	-1
20110804	-1
20111028	1
20090128	1
20110613	-1
20110505	1
20110802	-1
20130102	1
20090602	-1
20130321	-1
20110706	1
20120312	1
20130607	1
20110203	1
20120716	-1
20110907	1
20111005	1
20091231	-1
20100914	-1
20090914	1
20090513	-1
20100308	1
20121211	1
20121227	1
20091209	1
20100514	-1
20090608	1
20100225	-1
20090429	1
20121121	-1
20130513	-1
20100303	1
20100507	-1
20110719	1
20101104	1
20110819	-1
20110824	1
20100216	1
20100602	1
20101004	-1
20090609	-1
20120216	1
20100927	-1
20100707	1
20110428	1
20110228	1
20120521	1
20100823	-1
20111012	1
20120418	-1
20101021	1
20091012	1
20090120	-1
20100510	1
20130522	-1
20100126	-1
20110419	1
20130423	1
20120703	1
20130306	-1
20091221	1
20121221	1
20121219	-1
20121120	1
20111102	1
20100720	1
20130108	-1
20110128	-1
20100601	-1
20101116	-1
20130201	1
20111103	1
20101220	-1
20101124	1
20110829	1
20110429	-1
20110926	1
20110715	1
20120419	-1
20091123	1
20101222	1
20090713	1
20110725	1
20110906	-1
20100820	-1
20100524	-1
20090512	-1
20110823	1
20120112	1
20090707	-1
20130617	1
20110517	-1
20110323	-1
20110214	1
20090409	1
20100730	1
20110615	-1
20121205	1
20090825	1
20110628	1
20100528	-1
20120918	1
20091006	1
20120920	-1
20091230	-1
20101228	-1
20120222	-1
20100909	1
20090401	1
20091007	-1
20130515	-1
20120323	1
20100831	1
20100504	-1
20090716	1
20121003	-1
20100405	1
20100115	-1
20090722	1
20120329	-1
20110502	-1
20121009	-1
20090522	1
20120301	1
20130305	1
20120924	1
20090116	1
20130219	1
20110817	-1
20110125	1
20090527	-1
20100928	1
20121001	-1
20090812	1
20110420	1
20101109	-1
20090224	1
20090715	1
20100129	-1
20100624	-1
20091218	1
20121107	-1
20110714	-1
20100204	-1
20120629	1
20101209	1
20120608	1
20090415	-1
20090601	1
20110113	-1
20110215	-1
20110601	-1
20090617	1
20120227	-1
20090422	1
20091019	1
20120118	1
20101207	1
20090219	-1
20100908	1
20121105	-1
20120330	1
20091026	-1
20090806	-1
20100311	1
20110322	-1
20130411	-1
20110310	-1
20100304	-1
20130419	1
20110811	1
20110919	-1
20121213	-1
20110406	-1
20121004	1
20101126	-1
20121031	1
20130205	1
20100802	1
20100212	-1
20090916	1
20090803	1
20111230	-1
20100324	-1
20120709	-1
20101019	-1
20100414	1
20121206	1
20110127	1
20130301	1
20101129	-1
20090604	1
20120802	1
20100809	1
20130507	1
20091127	-1
20111228	-1
20121203	-1
20110405	-1
20110812	1
20120321	1
20110524	-1
20110623	-1
20120620	-1
20090217	-1
20120705	1
20091113	1
20130530	1
20090310	1
20110104	-1
20110211	1
20110621	1
20110523	-1
20100211	1
20100305	1
20100617	1
20090717	-1
20121024	-1
20110726	-1
20090504	1
20130528	1
20120420	1
20090505	-1
20090918	-1
20110307	-1
20130304	1
20100108	1
20100329	1
20090710	1
20111208	-1
20111212	-1
20110107	-1
20100714	1
20100621	-1
20110630	1
20090827	1
20120405	-1
20110830	1
20091112	-1
20101203	1
20120404	-1
20100517	1
20100121	-1
20091216	1
20130619	-1
20120712	-1
20120727	1
20091013	1
20090904	1
20120504	-1
20100323	1
20110404	1
20120314	1
20120514	-1
20100723	1
20100310	1
20120607	-1
20100125	1
20121228	-1
20100302	-1
20090408	1
20120717	-1
20100806	-1
20110314	-1
20110223	-1
20130415	-1
20120308	1
20120913	1
20090424	1
20110302	1
20100722	1
20110331	1
20120221	1
20120322	-1
20120814	-1
20110222	-1
20130327	1
20130524	-1
20110304	-1
20110209	1
20091117	-1
20100628	-1
20110315	-1
20090925	1
20100317	1
20110511	-1
20100426	-1
20100816	1
20130506	1
20111130	1
20091118	-1
20111227	1
20090209	1
20110809	1
20120209	-1
20121126	-1
20100923	-1
20090313	-1
20090312	1
20091203	-1
20120213	1
20110810	-1
20130320	1
20121101	1
20110408	-1
20111011	1
20120510	1
20110520	1
20100716	-1
20100618	1
20100428	-1
20100316	1
20100209	1
20130503	1
20110720	1
20091111	-1
20090924	-1
20090210	-1
20110930	-1
20100610	1
20110923	1
20100604	-1
20090501	-1
20090818	1
20120803	1
20101105	-1
20111209	1
20100907	-1
20090129	-1
20110301	-1
20120517	-1
20090302	-1
20110701	1
20100503	1
20100104	1
20130408	1
20100406	1
20110328	-1
20101231	-1
20120731	-1
20130517	1
20090316	-1
20110121	1
20100423	1
20100518	-1
20090406	-1
20130604	-1
20090911	1
20120628	-1
20130611	-1
20100917	1
20110317	1
20100326	1
20121015	1
20100811	-1
20090615	-1
20100520	-1
20120618	1
20130115	1
20130325	-1
20121102	1
20110111	1
20091201	1
20110519	1
20100201	1
20090819	1
20121220	1
20111110	1
20100616	-1
20100219	1
20090930	-1
20130520	1
20130402	-1
20090305	-1
20121016	1
20130426	-1
20091208	-1
20100903	1
20120223	-1
20110901	-1
20120119	1
20110913	1
20130610	1
20091116	1
20111118	1
20090908	1
20090623	-1
20111129	1
20100218	1
20110831	1
20090529	1
20101007	-1
20100318	-1
20090427	-1
20110201	1
20130614	-1
20090317	1
20120224	1
20090706	-1
20120724	-1
20101022	1
20121010	-1
20091210	1
20111007	-1
20110316	-1
20111006	1
20120427	1
20120612	1
20101029	-1
20100322	1
20110617	1
20130326	1
20110516	1
20090423	-1
20100120	-1
20120412	1
20091211	1
20120423	1
