20130205	-1
20130103	-1
20130130	-1
20130619	-1
20130225	-1
20130403	-1
20130508	-1
20130501	-1
20130221	1
20130516	1
20130418	1
20130419	1
20130226	-1
20130515	1
20130620	-1
20130301	1
20130111	1
20130123	1
20130510	1
20130610	-1
20130328	1
20130327	-1
20130326	1
20130125	1
20130529	-1
20130215	1
20130614	1
20130108	-1
20130321	-1
20130517	1
20130104	-1
20130430	1
20130322	1
20130315	1
20130606	1
20130319	1
20130513	-1
20130416	1
20130507	1
20130522	1
20130114	1
20130621	1
20130514	1
20130212	-1
20130206	-1
20130531	-1
20130306	1
20130222	-1
20130417	-1
20130220	1
20130122	-1
20130424	-1
20130227	-1
20130208	-1
20130307	-1
20130412	-1
20130617	-1
20130116	1
20130313	1
20130411	-1
20130520	-1
20130408	1
20130110	1
20130402	-1
20130612	-1
20130129	1
20130207	-1
20130502	-1
20130401	1
20130415	-1
20130613	1
20130228	1
20130607	1
20130603	1
20130404	1
20130124	-1
20130605	-1
20130426	1
20130425	-1
20130109	1
20130422	1
20130115	1
