20080414	-1
20080626	-1
20080404	1
20081016	1
20081017	-1
20080730	1
20080521	-1
20080226	1
20080418	-1
20081010	-1
20080902	-1
20080826	-1
20080619	1
20081021	1
20081117	-1
20080306	-1
20080304	1
20080703	-1
20080821	-1
20081006	-1
20080812	1
20080331	-1
20080807	-1
20080613	-1
20081009	-1
20080827	1
20080801	1
20081003	-1
20080602	-1
20080411	-1
20080707	1
20080829	-1
20080515	1
20080610	-1
20080509	1
20080925	1
20081114	-1
20080506	-1
20080325	1
20080903	1
20081118	1
20080512	-1
20080514	1
20081106	-1
20080429	-1
20080416	1
20080529	1
20080319	-1
20080724	1
20081028	1
20081020	1
20080711	1
20081104	1
20081120	-1
20080424	-1
20080311	1
20080627	1
20080714	-1
20080811	1
20080618	1
20081023	-1
20080417	-1
20080725	1
20080813	-1
20080502	1
20080227	1
20080915	-1
20080702	1
20080430	1
20080523	1
20080421	1
20080527	1
20081105	-1
20080307	-1
20080611	-1
20081113	1
20080728	-1
20080924	1
20081029	1
20081007	-1
20080305	-1
20081110	-1
20081001	-1
20080911	-1
20080917	-1
20080822	1
20080327	-1
20081013	1
20080909	-1
20080716	-1
20080606	-1
20080513	-1
20080603	-1
20080630	1
20080519	1
20080229	-1
20080806	1
20080708	1
20080415	-1
20080328	1
20081121	-1
20080317	-1
20080910	1
20080326	1
20080616	-1
20081031	1
20080516	1
20080701	-1
20080929	-1
20081027	-1
20080815	-1
20080718	1
20080904	-1
20081103	-1
20080919	-1
20080507	-1
20080228	1
20080501	1
20080926	-1
20080814	1
20080623	1
20080710	-1
20080930	1
20081112	-1
20080908	1
20080805	1
20080318	1
20080314	-1
20080804	1
20080721	1
20080612	1
