20130307	-1
20130222	1
20121119	1
20130102	-1
20130402	-1
20130508	1
20121009	-1
20130305	1
20121219	-1
20130614	1
20130319	-1
20130529	-1
20130228	-1
20130404	-1
20130306	-1
20130213	1
20121217	1
20121012	1
20130415	-1
20130610	-1
20130320	-1
20130327	1
20121101	-1
20130409	-1
20130326	-1
20130412	1
20130530	-1
20130104	1
20130410	1
20121224	1
20130523	1
20121116	-1
20130129	-1
20130118	-1
20130605	-1
20121206	-1
20121112	-1
20130219	1
20130509	1
20130528	-1
20121003	1
20130517	1
20130214	-1
20121226	-1
20121120	1
20130619	-1
20130417	1
20121220	1
20121123	1
20130313	1
20121203	-1
20130620	-1
20121024	1
20130207	1
20130603	1
20130328	1
20121121	1
20121205	1
20130521	1
20121102	1
20121211	-1
20130403	-1
20121107	-1
20130312	1
20130111	1
20121115	-1
20121016	1
20121015	1
20130430	1
20121231	1
20130502	1
20130314	-1
20130116	1
20130401	-1
20130604	-1
20130124	-1
20130221	-1
20130131	-1
20130208	-1
20121212	1
20130318	-1
20130611	-1
20130130	1
20130206	-1
20130501	-1
20130416	-1
20130109	-1
20130311	1
20130205	1
20130606	1
20130531	-1
20130308	-1
20130507	1
20130418	-1
20130125	1
20121031	-1
20130212	-1
20121011	-1
20121025	1
20130522	-1
20121129	1
20121109	1
20130128	-1
20121105	1
20130325	-1
20121127	1
20121005	-1
20130617	1
20130408	1
20121221	-1
20130220	1
20130422	1
20130515	-1
20130115	-1
20121008	-1
20121004	-1
20121010	-1
20121218	-1
20121227	1
20130514	1
20130423	-1
20121026	1
20130110	1
20121210	-1
20130516	-1
