20080328	-1
20080417	-1
20080312	-1
20080612	1
20080512	1
20080506	1
20080415	-1
20080304	-1
20080611	-1
20080401	1
20080411	-1
20080303	-1
20080502	-1
20080501	1
20080423	-1
20080325	-1
20080310	-1
20080410	-1
20080605	1
20080307	-1
20080414	-1
20080404	1
20080320	1
20080606	-1
20080529	1
20080311	1
20080515	1
20080522	-1
20080228	-1
20080508	-1
20080402	-1
20080418	1
20080520	-1
20080603	1
20080620	-1
20080421	-1
20080516	-1
20080407	-1
20080523	-1
20080623	-1
20080317	1
20080425	1
20080430	-1
20080610	1
20080507	-1
20080428	1
20080527	-1
20080514	-1
20080429	1
20080314	-1
20080513	1
20080229	-1
20080528	-1
20080519	-1
20080618	-1
20080616	1
20080408	-1
20080226	1
