20080515	1
20080521	-1
20080522	1
20080416	1
20080409	-1
20080513	-1
20080326	1
20080422	1
20080509	1
20080423	-1
20080407	1
20080320	1
20080415	-1
20080324	1
20080516	-1
20080418	1
20080331	-1
20080317	-1
20080424	1
20080528	-1
20080421	-1
20080514	-1
20080529	1
20080404	-1
20080319	-1
20080430	1
20080328	-1
20080305	-1
20080226	-1
20080307	1
20080429	1
20080417	-1
20080408	-1
20080227	1
20080402	1
20080311	1
20080523	-1
20080501	1
20080414	-1
20080505	-1
20080502	-1
20080313	-1
20080401	1
20080512	1
20080428	-1
20080425	1
