20080228	-1
20080514	1
20080529	1
20080530	-1
20080522	-1
20080229	-1
20080728	1
20080502	1
20080613	1
20080408	1
20080516	1
20080312	1
20080318	1
20080612	1
20080709	1
20080509	1
20080708	1
20080404	1
20080409	-1
20080604	1
20080402	-1
20080227	-1
20080521	1
20080501	1
20080616	-1
20080722	1
20080603	1
20080611	1
20080625	1
20080422	1
20080425	-1
20080418	1
20080303	-1
20080717	-1
20080324	-1
20080314	-1
20080410	1
20080403	1
20080609	1
20080305	1
20080626	-1
20080513	1
20080725	1
20080512	1
20080714	-1
20080327	1
20080724	-1
20080710	1
20080718	1
20080630	-1
20080707	1
20080723	1
20080619	1
20080311	1
20080416	-1
20080415	-1
20080507	-1
20080423	1
20080424	1
20080319	-1
20080523	1
20080624	-1
20080401	-1
20080716	1
20080326	-1
20080528	1
20080307	1
20080623	1
20080605	1
20080411	1
20080421	-1
20080506	-1
20080306	1
20080527	1
20080620	-1
20080715	-1
