20080606	-1
20080612	1
20080604	-1
20080516	-1
20080404	-1
20080417	1
20080326	-1
20080401	1
20080311	1
20080502	-1
20080423	-1
20080619	1
20080331	-1
20080229	-1
20080424	1
20080520	-1
20080425	1
20080227	1
20080422	1
20080305	-1
20080428	-1
20080514	-1
20080506	-1
20080317	-1
20080515	1
20080626	-1
20080624	1
20080507	-1
20080310	-1
20080407	1
20080415	-1
20080610	1
20080306	-1
20080409	-1
20080521	-1
20080528	1
20080505	-1
20080410	1
20080416	1
20080529	1
20080421	-1
20080623	-1
20080616	1
20080625	-1
20080430	-1
20080325	1
20080226	-1
20080512	1
20080324	1
20080509	-1
20080408	-1
20080429	1
20080312	-1
20080411	-1
20080603	1
20080307	-1
20080318	1
20080501	1
20080609	-1
20080627	1
20080522	1
