20080702	-1
20080606	-1
20080305	1
20080516	1
20080310	-1
20080604	1
20080508	1
20080411	-1
20080728	-1
20080226	-1
20080626	-1
20080415	-1
20080527	1
20080424	1
20080408	1
20080609	-1
20080710	1
20080227	1
20080501	1
20080627	1
20080617	-1
20080324	1
20080312	-1
20080722	1
20080620	-1
20080725	-1
20080429	1
20080718	1
20080717	-1
20080730	1
20080407	1
20080716	1
20080421	1
20080523	-1
20080402	-1
20080707	1
20080613	1
20080709	1
20080715	-1
20080228	-1
20080313	1
20080422	-1
20080331	1
20080512	-1
20080414	-1
20080328	-1
20080319	-1
20080522	-1
20080507	-1
20080401	1
20080616	1
20080618	-1
20080711	-1
20080303	1
20080610	1
20080505	-1
20080514	1
20080630	1
20080326	-1
20080229	-1
20080403	1
20080423	1
20080528	1
20080416	1
20080506	1
20080515	1
20080530	1
20080325	-1
20080724	-1
20080306	-1
20080602	1
20080418	1
20080520	-1
20080327	-1
20080307	-1
20080529	1
