20080911	-1
20090106	1
20080314	-1
20080311	1
20090107	-1
20081006	-1
20080415	1
20090120	-1
20090203	1
20081231	1
20081203	1
20090128	1
20080428	1
20081202	1
20080418	-1
20081009	-1
20080501	1
20080922	-1
20090204	-1
20080909	-1
20080703	-1
20080617	-1
20081001	-1
20080924	-1
20080623	-1
20080610	1
20090130	-1
20080505	-1
20080509	-1
20080313	1
20080716	1
20081215	-1
20081013	1
20080521	-1
20080404	-1
20080407	1
20081119	-1
20080729	1
20080801	1
20081125	1
20080826	1
20080519	1
20090121	1
20080715	1
20080528	1
20080708	1
20081229	-1
20080226	-1
20080805	1
20080812	-1
20080804	-1
20081209	-1
20080422	-1
20081015	-1
20080529	-1
20081014	-1
20080926	1
20081106	-1
20080318	1
20080312	-1
20080718	1
20081002	-1
20080723	1
20080328	-1
20090114	-1
20080325	1
20090109	-1
20080627	-1
20080717	1
20080409	-1
20080430	-1
20080228	-1
20081126	-1
20080605	1
20090127	-1
20081016	-1
20081208	1
20080902	1
20080402	-1
20081029	1
20080815	-1
20081212	1
20081201	-1
20081030	1
20080828	1
20081105	-1
20081020	-1
20080918	1
20080701	-1
20090113	1
20080401	1
20090116	1
20080609	-1
20080702	-1
20080514	1
20080730	1
20090209	1
20090219	-1
20080306	-1
20080425	-1
20081219	1
20080421	-1
20080630	-1
20080724	-1
20080229	-1
20080811	1
20090206	1
20090220	-1
20081211	-1
20080725	-1
20080319	1
20090126	-1
20080304	1
20080507	-1
20090108	1
20090223	-1
20080707	-1
20081008	-1
20080721	-1
20081222	-1
20090211	-1
20090122	-1
20080303	1
20081103	1
20080506	1
20080429	-1
20080728	-1
20081007	-1
20080307	1
20081205	1
20081112	-1
20090213	-1
20090218	1
20080820	-1
20080423	1
20080722	1
20080522	-1
20081021	-1
20080516	-1
20080408	-1
20080925	1
20080331	1
20090105	1
20080512	1
20081117	1
20080619	1
20080910	1
20081024	-1
20080919	1
20080808	1
20080908	1
20081010	1
20080714	-1
20080819	-1
20080603	1
20080606	-1
20080930	1
20090202	1
20080827	1
20080414	-1
20090205	-1
20080424	1
20090217	-1
20080821	-1
20081113	1
20081226	-1
20080527	1
20080502	-1
20080515	1
20080813	-1
20080612	1
20080520	-1
20081217	-1
20090212	-1
20080508	-1
