20080909	-1
20080327	-1
20080613	1
20080304	1
20080623	-1
20080502	1
20080513	-1
20080512	1
20081015	-1
20080822	1
20080226	1
20080306	1
20080813	-1
20080303	1
20081105	-1
20080627	-1
20080630	-1
20080808	1
20080723	1
20080718	-1
20080506	1
20080320	1
20080520	-1
20080902	1
20081024	-1
20080820	-1
20081111	-1
20080624	-1
20080806	-1
20080411	-1
20080317	1
20080305	1
20080829	1
20080423	-1
20080404	1
20080826	1
20080926	1
20081020	-1
20080403	-1
20080818	1
20080616	1
20080227	-1
20080312	-1
20080821	-1
20081029	1
20080715	1
20080725	-1
20080514	1
20081106	-1
20080827	1
20080328	-1
20081008	1
20080911	-1
20080415	1
20080702	-1
20081021	-1
20080625	1
20080407	-1
20080501	1
20081013	-1
20080703	-1
20080925	1
20081006	-1
20080904	-1
20081014	-1
20080422	-1
20081112	-1
20080724	-1
20080714	-1
20080811	1
20080929	-1
20080428	-1
20080603	-1
20080619	1
20080307	-1
20080424	1
20081016	-1
20080729	1
20081009	-1
20081030	-1
20080401	1
20080325	1
20080604	-1
20080618	-1
20080331	1
20080916	1
20080626	-1
20081023	-1
20080606	-1
20080716	1
20080326	-1
20080923	-1
20080722	1
20080319	1
20080417	-1
20080728	-1
20080527	-1
20080819	-1
20081010	1
20080717	1
20081002	-1
20080507	-1
20080522	-1
20080709	-1
20081017	-1
20080425	1
20080620	-1
20080930	1
20080408	1
20080917	-1
20080418	1
20080314	-1
20080617	-1
20080228	-1
20081022	-1
20081001	1
20080828	1
20080919	1
20080711	-1
20080528	1
20080229	-1
20080410	1
20080414	1
20080825	-1
20080318	1
20080815	1
