20080527	1
20080410	1
20080625	1
20080710	1
20080408	-1
20080711	-1
20080708	-1
20080818	-1
20080502	1
20080306	-1
20080826	1
20080609	-1
20080421	-1
20080610	-1
20080520	1
20080416	1
20080630	1
20080603	-1
20080507	-1
20080417	1
20080506	1
20080401	1
20080813	1
20080411	-1
20080407	-1
20080513	1
20080512	1
20080716	1
20080707	-1
20080617	1
20080521	-1
20080305	1
20080605	1
20080619	-1
20080509	-1
20080314	-1
20080414	1
20080327	-1
20080626	1
20080703	1
20080317	-1
20080820	1
20080613	1
20080606	-1
20080409	-1
20080303	-1
20080319	-1
20080623	1
20080728	-1
20080814	1
20080229	-1
20080422	-1
20080722	-1
20080627	-1
20080505	1
20080423	1
20080324	1
20080312	-1
20080815	1
20080326	-1
20080729	1
20080508	1
20080819	1
20080717	1
20080528	1
20080602	-1
20080331	1
20080718	1
20080529	1
20080825	1
20080430	-1
20080514	1
20080811	-1
20080516	1
20080519	-1
20080403	1
20080428	-1
20080515	-1
20080812	-1
20080313	-1
20080715	1
20080311	1
20080805	1
20080226	-1
20080725	1
20080806	-1
20080320	1
20080227	-1
