20080702	-1
20080721	-1
20080228	-1
20080617	-1
20080515	1
20080314	-1
20080428	-1
20080331	-1
20080422	-1
20080909	1
20080730	1
20080522	1
20080501	1
20080604	-1
20080327	-1
20080812	-1
20080313	1
20080807	-1
20080508	-1
20080512	1
20080627	-1
20080626	-1
20080404	-1
20080602	-1
20080516	-1
20080804	-1
20080619	1
20080630	-1
20080915	-1
20080407	-1
20080226	-1
20080623	-1
20080514	1
20080310	-1
20080725	-1
20080716	1
20080528	1
20080613	1
20080703	-1
20080418	1
20080502	1
20080423	-1
20080918	1
20080714	-1
20080917	1
20080618	1
20080827	1
20080801	-1
20080722	1
20080711	-1
20080402	-1
20080311	1
20080401	1
20080424	1
20080410	-1
20080821	-1
20080911	-1
20080708	1
20080409	-1
20080903	1
20080625	-1
20080815	-1
20080724	-1
20080819	-1
20080303	-1
20080326	-1
20080520	-1
20080718	1
20080717	1
20080421	-1
20080430	-1
20080612	1
20080829	-1
20080328	-1
20080814	1
20080808	1
20080320	1
20080229	1
20080312	-1
20080710	-1
20080527	-1
20080620	-1
20080605	1
20080513	-1
20080624	1
20080806	-1
20080715	-1
20080813	1
20080606	-1
20080307	-1
20080610	-1
20080908	-1
20080317	-1
20080519	1
20080417	1
20080805	1
20080904	-1
20080820	-1
20080408	-1
20080709	-1
