20110131	1
20120301	1
20091218	1
20110202	1
20090527	-1
20130612	-1
20110112	1
20091106	-1
20110401	1
20110128	-1
20101005	1
20110505	1
20110615	-1
20100823	1
20121003	-1
20090318	-1
20120316	1
20110810	-1
20130501	-1
20130123	1
20120706	-1
20090402	1
20090219	1
20110104	-1
20130416	1
20120214	-1
20120816	1
20120606	1
20111004	1
20110824	1
20120523	1
20100624	-1
20110114	1
20130222	1
20090317	1
20100105	1
20120209	-1
20111104	1
20090220	-1
20110526	1
20100802	1
20091130	-1
20110601	-1
20120302	-1
20120426	-1
20130606	-1
20120625	-1
20121112	1
20090409	1
20130307	1
20100602	1
20101119	-1
20110815	1
20100805	-1
20100702	1
20091102	-1
20111011	1
20090325	1
20100720	1
20090107	-1
20090227	1
20091118	1
20130201	1
20110617	-1
20120117	-1
20121204	1
20110323	1
20100607	-1
20110126	1
20110822	-1
20120817	1
20120919	-1
20091008	1
20090805	1
20110110	-1
20101203	-1
20110804	-1
20100414	1
20110919	-1
20100211	1
20130226	1
20091228	-1
20130228	1
20121109	1
20110627	1
20101208	-1
20091109	1
20130410	1
20121115	1
20111014	1
20110415	1
20090814	-1
20100305	1
20101108	1
20090415	1
20120717	1
20100811	-1
20111013	1
20110411	-1
20121106	1
20101210	1
20100329	1
20101021	-1
20091001	-1
20090717	1
20120807	1
20130618	1
20130306	-1
20091230	-1
20100728	-1
20120206	-1
20130215	-1
20111107	1
20121025	1
20110214	1
20130430	1
20130321	-1
20090812	1
20110610	-1
20111007	-1
20100513	1
20101216	1
20090413	-1
20130219	1
20100120	-1
20101111	1
20091127	-1
20110209	-1
20100803	-1
20130305	1
20130520	1
20120118	1
20110216	1
20110222	-1
20111213	-1
20090602	-1
20090114	-1
20090702	-1
20090522	1
20100608	1
20110124	-1
20120504	-1
20111114	-1
20090521	-1
20090429	1
20110801	-1
20120323	1
20100719	1
20090206	1
20090713	1
20120517	1
20110125	-1
20100409	1
20100311	1
20100201	1
20110826	1
20121102	-1
20110725	1
20100930	1
20130102	1
20120702	-1
20121212	-1
20090706	-1
20100909	-1
20110118	1
20090911	1
20120224	1
20100312	1
20130409	1
20120215	-1
20110809	1
20130516	1
20120201	-1
20101029	-1
20121022	1
20090630	-1
20121008	-1
20130402	1
20120203	-1
20091211	1
20110802	-1
20090310	1
20120917	-1
20100325	-1
20100813	-1
20121004	1
20091028	-1
20090213	1
20090709	1
20100511	-1
20130415	-1
20090716	1
20110506	-1
20101207	-1
20090604	1
20110726	-1
20110512	-1
20110420	1
20101215	1
20100628	-1
20110829	1
20100714	-1
20110705	-1
20120322	-1
20120822	-1
20100318	-1
20091223	1
20110207	1
20110111	1
20130502	1
20121019	-1
20110915	1
20120326	-1
20120105	1
20091119	-1
20120730	-1
20110316	-1
20090626	1
20090916	1
20110223	1
20100217	1
20130221	-1
20100920	1
20130611	-1
20101221	-1
20130620	-1
20090611	1
20120315	-1
20090217	-1
20090528	1
20101229	1
20110421	1
20120601	-1
20111031	-1
20111221	-1
20090518	1
20111012	1
20111122	1
20100727	-1
20090818	1
20130205	1
20100422	1
20090924	-1
20100820	-1
20090909	1
20110203	1
20101222	1
20120710	-1
20120518	-1
20100301	1
20110623	-1
20100204	-1
20100917	1
20110902	-1
20130605	-1
20111109	-1
20100326	1
20091105	1
20120208	-1
20111214	-1
20130524	1
20090507	-1
20100107	1
20121113	1
20100510	1
20101026	1
20110629	1
20090807	-1
20110712	1
20090401	1
20100609	1
20090903	1
20100831	-1
20130422	1
20130424	1
20090707	-1
20111129	-1
20110311	1
20100916	-1
20120312	-1
20120127	-1
20110706	1
20110616	-1
20100730	1
20110113	-1
20100604	-1
20110920	-1
20101006	1
20111116	1
20120719	1
20100928	1
20121011	1
20101020	1
20120723	-1
20120926	-1
20110314	1
20130403	-1
20100319	-1
20090616	-1
20121210	1
20110211	-1
20121206	-1
20120614	-1
20110324	1
20101011	1
20090211	-1
20090313	-1
20090901	-1
20100726	1
20101027	1
20130514	1
20121005	1
20100302	1
20120320	-1
20120613	-1
20101018	-1
20110407	1
20120228	-1
20120309	1
20120404	-1
20100603	1
20120423	1
20110218	1
20091113	1
20110103	1
20100721	-1
20130419	-1
20120727	1
20121101	1
20120131	1
20100205	1
20110927	-1
20120416	-1
20111209	1
20090421	1
20090622	-1
20100716	-1
20111021	1
20100712	-1
20130131	1
20100908	1
20130314	1
20110928	-1
20110105	1
20100903	1
20120910	-1
20100111	-1
20090610	1
20120820	-1
20110429	1
20090722	-1
20091005	1
20100907	-1
20100809	1
20130304	-1
20090519	1
20121224	-1
20121220	1
20120410	-1
20110405	-1
20120510	-1
20090508	1
20091125	1
20091120	1
20100203	-1
20130301	-1
20101209	1
20090327	-1
20110228	1
20090330	-1
20130207	-1
20090904	1
20101122	-1
20121228	-1
20110308	-1
20090218	1
20110624	-1
20111101	-1
20100708	1
20100902	1
20100830	1
20090501	1
20130531	-1
20100106	1
20090617	-1
20130115	1
20090210	-1
20121120	-1
20090504	1
20091216	1
20111206	1
20110531	1
20101228	1
20100514	-1
20110509	1
20101012	1
20120713	1
20100114	1
20110516	-1
20120821	-1
20111228	-1
20130617	1
20130320	-1
20120321	-1
20100615	1
20110914	1
20101201	1
20090714	1
20111027	1
20130104	1
20111019	-1
20111130	1
20120831	1
20090925	-1
20120913	1
20111118	1
20111208	-1
20090820	1
20100621	-1
20090323	1
20090728	-1
20120620	-1
20101112	-1
20120328	-1
20100611	-1
20110811	1
20110224	-1
20130530	-1
20120716	-1
20090422	1
20110107	1
20101105	-1
20090910	1
20120529	1
20090708	1
20130404	1
20121119	1
20111216	1
20120912	-1
20091111	1
20110714	-1
20130411	-1
20090811	-1
20120619	1
20100506	-1
20130619	-1
20100226	-1
20100412	-1
20091030	-1
20090511	-1
20120509	-1
20130515	-1
20090826	-1
20091013	-1
20101109	1
20100929	1
20130603	1
20130212	1
20130311	-1
20100317	1
20110513	1
20110719	1
20110909	-1
20090817	-1
20120425	1
20101025	-1
20100408	-1
20121016	1
20110819	-1
20100420	1
20100504	-1
20110322	-1
20090512	1
20100222	-1
20100127	1
20090827	-1
20120813	-1
20090810	-1
20111111	1
20120703	1
20100819	-1
20130211	1
20111201	1
20120503	-1
20110727	-1
20110302	1
20090416	1
20091117	-1
20130109	1
20090629	-1
20090723	1
20110121	1
20111006	-1
20100304	-1
20120222	1
20090724	1
20110608	1
20120413	-1
20120420	-1
20100331	1
20130528	1
20100303	1
20101102	1
20130117	1
20120628	1
20101130	-1
20100430	-1
20120130	-1
20090731	1
20100113	1
20100219	-1
20090209	1
20090303	-1
20130529	1
20091104	-1
20130220	-1
20100416	-1
20111026	1
20121015	1
20111103	1
20120223	-1
20090109	-1
20120904	-1
20120111	-1
20111010	1
20110425	-1
20110510	1
20110722	1
20130124	1
20120608	-1
20120106	1
20120412	1
20120405	-1
20121226	-1
20111121	-1
20101007	-1
20110520	1
20110926	1
20101129	1
20120927	1
20090506	1
20110413	1
20090928	1
20110331	1
20130315	1
20130308	-1
20110613	-1
20120814	-1
20110318	-1
20111128	1
20090316	1
20121001	-1
20090609	1
20091203	-1
20090821	1
20120202	1
20100524	-1
20101028	1
20121127	-1
20130613	1
20100119	1
20120626	-1
20101227	-1
20130328	-1
20120314	-1
20110301	-1
20100616	1
20090721	1
20120525	1
20101230	-1
20100419	-1
20110201	1
20110912	1
20101004	1
20130125	1
20111020	1
20090831	-1
20121217	1
20110708	-1
20120924	-1
20090203	1
20110818	-1
20130213	1
20110817	-1
20110621	1
20091207	1
20120207	1
20100527	1
20090417	1
20100309	1
20130327	-1
20091215	1
20101104	1
20100428	1
20100709	1
20101117	1
20120522	1
20130621	1
20100121	-1
20121009	1
20100816	-1
20110406	-1
20090324	-1
20100216	1
20101014	1
20110309	-1
20110502	-1
20090918	-1
20120508	-1
20101213	1
20110831	1
20100115	-1
20091116	1
20100713	1
20110321	1
20130509	1
20120801	1
20120113	-1
20090302	-1
20130510	-1
20130318	-1
20110310	-1
20091224	-1
20100128	-1
20100806	-1
20130506	1
20110329	1
20110729	-1
20100701	-1
20121231	1
20120829	-1
20130110	1
20100927	-1
20120313	1
20101022	-1
20100525	1
20130206	1
20121129	1
20100427	-1
20110916	-1
20100826	-1
20100824	1
20111229	1
20100324	-1
20090128	1
20101008	1
20090605	-1
20130401	-1
20120911	1
20111215	-1
20091019	1
20130322	1
20100323	-1
20101223	-1
20110427	-1
20111125	1
20121002	1
20100915	-1
20130118	1
20091209	1
20090806	-1
20100818	-1
20120823	-1
20120402	1
20120103	1
20121026	-1
20100922	1
20110620	1
20110106	-1
20101220	-1
20090403	1
20121108	-1
20110217	-1
20110805	-1
20120507	1
20120126	-1
20101015	1
20130225	-1
20090603	-1
20120330	1
20100629	-1
20121114	-1
20091210	1
20130130	1
20120419	-1
20130503	1
20090105	1
20100310	1
20130122	1
20120427	-1
20100825	-1
20120629	1
20100223	-1
20100512	1
20111123	-1
20110728	1
20090608	-1
20091015	1
20090529	1
20110225	1
20091124	1
20100812	-1
20120705	-1
20110127	1
20120920	-1
20110503	-1
20120718	1
20090420	-1
20130103	-1
20100429	-1
20100218	1
20111207	-1
20111018	1
20110707	1
20100519	-1
20110803	-1
20091022	1
20121207	1
20120327	-1
20100618	-1
20120307	1
20090223	-1
20130614	-1
20111110	1
20100921	-1
20091204	1
20110208	1
20120124	1
20130319	-1
20100125	1
20100623	1
20120403	-1
20110825	-1
20100804	1
20100914	-1
20100518	-1
20091007	1
20111102	1
20090108	1
20130114	-1
20121205	1
20091020	-1
20121010	-1
20120530	-1
20091012	1
20130507	1
20100224	-1
20121130	1
20110307	-1
20100423	1
20100810	-1
20121218	1
20090320	-1
20111220	1
20110330	-1
20090625	1
20110720	-1
20090414	-1
20101126	-1
20120305	-1
20090520	-1
20120531	-1
20130417	-1
20130513	-1
20120213	1
20120514	-1
20100122	-1
20090408	1
20090407	-1
20111005	1
20110518	1
20120726	1
20110913	1
20111024	1
20090430	-1
20100817	1
20111115	1
20111222	1
20090312	1
20110907	1
20090915	1
20111223	1
20100622	-1
20100827	1
20090120	-1
20110419	1
