20100203	1
20100222	1
20090205	1
20080808	-1
20081204	-1
20080902	-1
20080626	-1
20100212	1
20081126	1
20091125	1
20080717	-1
20080919	1
20091211	1
20081229	1
20100108	1
20091130	1
20100112	1
20091127	-1
20090918	-1
20100416	-1
20091007	1
20100723	-1
20080922	1
20100210	-1
20090911	1
20080918	1
20090126	1
20081219	-1
20080929	-1
20100625	1
20090212	1
20100405	1
20100209	1
20100205	1
20081209	-1
20080930	1
20080812	1
20090129	-1
20100401	1
20080710	1
20091203	-1
20091009	1
20090910	1
20100427	-1
20091117	1
20081211	-1
20091228	-1
20091124	1
20081003	-1
20090112	-1
20091119	-1
20081202	1
20091015	1
20100204	-1
20091207	-1
20081120	-1
20100326	1
20090130	-1
20090109	-1
20090930	-1
20081024	-1
20090921	1
20090114	-1
20081121	1
20100223	-1
20100120	-1
20080911	1
20081201	-1
20100602	-1
20100126	-1
20100121	-1
20090831	-1
20081110	1
20091231	-1
20080909	-1
20091111	1
20091116	1
20091204	-1
20100218	1
20081117	-1
20091112	-1
20091222	1
20080903	-1
20081224	-1
20100420	-1
20091005	1
20100107	-1
20100614	1
20091224	-1
20091113	1
20100518	-1
20081128	-1
20081217	1
20080711	1
20081017	1
20080702	-1
20091013	-1
20090123	1
20090915	1
20090924	-1
20100414	1
20090106	1
20081218	-1
20090202	-1
20081007	-1
20100507	-1
20100311	1
20081223	1
20100415	-1
20080707	-1
20081030	-1
20081001	-1
20100330	-1
20090923	-1
20090107	-1
20091201	1
20100528	1
20091120	-1
20100618	-1
20090901	-1
20100412	-1
20100517	-1
20100201	1
20081015	-1
20091221	1
20100129	-1
20090102	1
20080730	1
20100623	1
20080813	1
20091214	1
20080721	1
20100202	1
20100819	1
20081009	-1
20100217	1
20100604	-1
20090209	1
20100211	1
20100302	1
20081205	1
20100816	1
20091006	1
20091008	1
20100115	-1
20100304	-1
20090914	1
20090219	-1
20100813	-1
20100305	1
20100430	-1
20100503	1
20091014	1
20090213	1
20091012	1
20100428	1
20100303	1
20090128	1
20090916	1
20090210	-1
20100319	-1
20080714	-1
20090313	-1
20080820	1
20090113	1
20091208	-1
20100224	1
20100312	1
20090925	-1
20080818	-1
20100114	-1
20080829	-1
20091216	1
20100122	-1
20100324	1
20100125	1
20100419	1
20100409	1
20081216	1
20080825	-1
20091230	-1
20081212	-1
20080708	-1
20091001	-1
20091123	-1
20100728	-1
20081124	1
20080722	-1
20090903	1
20100609	-1
20100301	1
20090203	1
20081113	1
20100309	-1
20090220	-1
20100610	1
20100422	-1
20090824	1
20091229	-1
20081106	-1
20090904	1
20100607	-1
20100106	1
20100820	-1
20080627	1
20081125	1
20100113	1
20090827	-1
20090825	-1
20100331	-1
20080725	1
20100322	1
20100216	1
20081013	1
20090115	1
20100208	-1
20091202	-1
20100119	1
20100318	-1
20091218	1
20090116	1
20081231	1
20100624	-1
20090909	1
20100729	1
20100128	-1
20100622	-1
20081208	1
20090211	-1
20080827	1
20080815	-1
20081112	-1
20081215	-1
20080819	1
20081027	-1
20080625	-1
20100111	-1
20100421	1
20080924	-1
20080723	-1
20081222	-1
20100323	1
20100505	-1
20090929	-1
20090928	1
20100512	1
20080801	-1
20090828	1
20090122	-1
20081114	-1
20100226	1
20080904	-1
20091118	-1
