20100617	1
20091009	1
20100222	-1
20091013	-1
20100419	-1
20081229	1
20091113	1
20100129	-1
20090130	-1
20090206	1
20100726	1
20090909	1
20100107	1
20090128	1
20100126	-1
20090828	-1
20091125	-1
20100210	-1
20090114	-1
20100308	1
20081224	1
20100106	-1
20090209	1
20100302	1
20100421	-1
20100318	-1
20100816	1
20090211	1
20090917	-1
20090203	1
20100224	1
20100507	-1
20100618	1
20100121	-1
20090904	1
20100325	1
20100604	-1
20090102	1
20090205	1
20100311	-1
20100610	1
20090107	-1
20100112	-1
20091224	1
20090921	-1
20100407	-1
20100813	-1
20100723	1
20100211	1
20081230	1
20091006	1
20100819	1
20090223	-1
20090123	1
20091207	-1
20100427	-1
20091209	1
20091217	-1
20090825	1
20100114	1
20090220	1
20100304	-1
20090109	1
20081231	1
20100517	-1
20100225	-1
20091120	-1
20090218	-1
20100122	-1
20100201	1
20100312	1
20100204	-1
20100115	-1
20100203	1
20100216	1
20091002	-1
20100331	-1
20100104	1
20100316	1
20100809	1
20100322	1
20100223	-1
20090115	-1
20100820	1
20091014	-1
20100607	-1
20090928	1
20100120	-1
20091216	1
20100309	1
20091208	-1
20091007	1
20091001	-1
20100413	1
20090930	1
20090831	-1
20100226	-1
20100127	1
20090922	-1
20100208	-1
20091111	1
20100315	-1
20100428	-1
20091202	1
20090903	1
20090313	1
20100401	1
20100301	1
20090210	-1
20090217	1
20091230	1
20100329	-1
20090204	-1
20091124	-1
20091222	1
20090105	-1
20090911	-1
20100622	-1
20100519	-1
20091228	-1
20090826	-1
20100506	-1
20091112	-1
20100503	1
20090916	1
20100219	-1
20090915	-1
20081226	-1
20090821	1
20100521	-1
20100729	-1
20100319	-1
20100303	-1
20100412	-1
20100602	1
20090121	1
20100504	-1
20091008	1
20100111	1
20100324	-1
20100305	1
20100205	1
20100513	-1
20091116	1
20091130	-1
20091223	1
20100406	1
20090901	-1
20091215	1
20090212	1
20090106	-1
20090112	1
20100209	1
20090918	1
20091218	1
20091204	1
20090219	-1
20091201	1
20091214	1
20090902	-1
20091109	1
20091221	-1
20090127	1
20091203	-1
20091119	-1
20100728	-1
