20080523	-1
20080416	1
20080325	1
20080305	-1
20080513	1
20080306	-1
20080425	1
20080613	-1
20080528	1
20080612	1
20080327	-1
20080505	-1
20080408	-1
20080404	-1
20080227	-1
20080516	-1
20080421	-1
20080619	1
20080507	-1
20080508	1
20080226	1
20080527	1
20080502	-1
20080409	-1
20080310	-1
20080228	-1
20080418	1
20080324	1
20080530	-1
20080415	-1
20080521	1
20080331	-1
20080522	1
20080229	-1
20080407	1
20080620	-1
20080417	-1
20080402	1
20080313	1
20080429	1
20080314	-1
20080422	-1
20080414	-1
20080616	-1
20080611	-1
20080623	-1
20080304	1
20080320	1
20080424	-1
20080303	-1
20080519	-1
20080318	1
20080610	-1
20080328	-1
20080514	1
20080317	-1
20080509	1
20080617	-1
