20081231	1
20081016	1
20080327	-1
20080930	1
20080815	1
20080627	-1
20080401	1
20080418	1
20080702	-1
20081110	1
20081027	-1
20080725	-1
20080812	1
20081024	-1
20080911	-1
20081013	1
20080523	-1
20080925	1
20080721	-1
20081017	1
20080625	1
20081021	-1
20081219	-1
20080820	-1
20080408	-1
20081029	-1
20080402	-1
20081215	-1
20080819	1
20081114	-1
20080512	1
20080805	1
20080716	-1
20080303	1
20081113	1
20080528	1
20080424	1
20081205	1
20080707	-1
20080814	-1
20081023	1
20080410	-1
20081106	1
20080722	1
20080519	1
20080711	-1
20080730	1
20080609	1
20080728	-1
20080717	1
20080505	1
20080314	1
20080423	1
20080604	1
20080818	-1
20080630	1
20081003	-1
20080605	1
20080924	1
20080613	-1
20080917	-1
20080404	1
20080912	-1
20080501	-1
20081216	1
20080918	1
20080514	1
20081229	1
20080916	-1
20081209	-1
20080415	-1
20080923	-1
20080905	1
20080902	1
20081222	1
20080417	-1
20080403	1
20080620	-1
20081104	1
20081212	1
20080515	1
20081201	-1
20080312	-1
20081208	-1
20080808	1
20080827	1
20080317	-1
20080416	1
20081128	1
20080530	-1
20080908	1
20080910	-1
20080304	-1
20080422	1
20080522	1
20080411	1
20080328	1
20080320	-1
20080619	1
20081117	-1
20081118	1
20080409	-1
20080612	-1
20081028	1
20080904	-1
20081126	1
20081218	1
20080623	1
20080502	-1
20080903	-1
20080414	-1
20081119	-1
20080529	1
20080506	-1
20080723	1
20080520	1
20081224	1
20080311	1
20080811	1
20081014	-1
20081010	-1
20081015	-1
20080318	1
20081022	-1
20080307	1
20080703	-1
20080909	-1
20081203	1
20080709	1
20081217	1
20080603	1
20081125	-1
20081020	1
20080806	1
20080729	1
20080828	1
20081007	-1
20080714	-1
20080829	-1
20080826	1
20080429	-1
20080915	1
20080310	1
20080610	1
20080421	-1
20081124	-1
20080228	-1
20080922	1
20080715	-1
