20120627	1
20121220	-1
20120619	-1
20120615	1
20111014	1
20121207	1
20120201	1
20121206	1
20121115	-1
20130517	1
20120208	1
20130325	-1
20120605	1
20120329	-1
20130306	1
20120328	-1
20120105	-1
20130607	1
20130516	1
20120618	-1
20121114	-1
20120423	-1
20120213	-1
20130107	-1
20120516	1
20121127	-1
20121123	1
20111104	-1
20130318	-1
20121116	1
20130429	1
20120110	1
20120706	-1
20120524	1
20120612	1
20120718	1
20120321	1
20120420	1
20120611	-1
20121012	1
20120404	-1
20120503	-1
20120906	1
20120531	-1
20121106	1
20130508	1
20130409	1
20120515	-1
20120716	-1
20130423	1
20120625	-1
20120424	1
20120703	1
20120227	1
20130116	-1
20121025	1
20120831	1
20130227	1
20111019	-1
20120405	1
20130312	-1
20120709	-1
20120305	-1
20120323	-1
20130620	-1
20130425	1
20121205	1
20130320	1
20130130	-1
20120925	-1
20120216	1
20121218	1
20111214	-1
20120126	-1
20120319	-1
20121221	-1
20120917	-1
20121109	-1
20121019	-1
20120904	-1
20130424	1
20111111	1
20111123	1
20130228	1
20120419	-1
20111227	1
20120724	-1
20120307	1
20120417	1
20111121	-1
20120209	-1
20120410	-1
20120109	1
20120529	1
20121212	1
20120717	1
20130621	-1
20130522	-1
20130419	-1
20120522	1
20130326	-1
20120827	-1
20121008	-1
20120210	-1
20120330	1
20120131	-1
20120914	1
20120510	1
20130305	1
20111026	-1
20120620	-1
20120530	-1
20111223	1
20130125	-1
20120921	-1
20120501	-1
20120322	-1
20120504	-1
20111222	-1
20130603	1
20130507	1
20120725	1
20121204	-1
20111108	1
20120621	-1
20121031	1
20121126	1
20111216	1
20130128	1
20130103	-1
20130610	-1
20130114	1
20130611	-1
20120514	-1
20121231	1
20130515	1
20130226	-1
20120518	1
20120203	1
20120822	-1
20120809	1
20130102	1
20120326	1
20120820	1
20130219	1
20130117	1
20130530	1
20120713	1
20111027	1
20111115	1
20130215	-1
20130405	-1
20121130	-1
20111114	1
20130212	1
20120913	1
20111117	-1
20120816	1
20120927	1
20130307	-1
20130520	1
20120807	1
20130430	-1
20120508	1
20111230	-1
20121214	1
20130315	1
20120919	1
20120308	1
20130506	1
20120224	-1
20120712	-1
20130118	1
20111206	-1
20120702	-1
20130111	-1
20130503	-1
20121224	1
20111017	-1
20121003	-1
20130122	1
20130412	-1
20120430	-1
20120127	-1
20120814	-1
20120523	1
20120614	-1
20121129	1
20121022	1
20120327	1
20120720	-1
20120202	-1
20121219	1
20121009	-1
20130204	-1
20120309	1
20121211	1
20130214	1
20120314	-1
20121102	1
20120606	1
20130311	1
20130308	1
20120607	1
20130207	-1
20121004	1
20130426	-1
20120117	1
20120924	1
20120402	1
20121213	-1
20120106	-1
20130129	1
20130509	-1
20130605	-1
20111209	1
20121217	-1
20130617	1
20130104	-1
20120803	1
20111129	-1
20120817	1
20130109	1
20130502	-1
20130313	-1
20130328	1
20120726	-1
20121002	1
20120626	1
20121120	1
20130523	-1
20120215	1
20120119	-1
20120525	-1
20111128	1
20130314	1
20120521	1
20130404	1
20111207	-1
20121203	-1
20111021	1
20111215	1
20130402	-1
20130521	-1
20120502	1
20120206	-1
20120628	1
20120425	1
20121108	-1
20111205	1
20130220	-1
20120302	-1
20111031	1
20121026	-1
20111025	-1
20120411	1
20130528	1
20130618	1
20130319	-1
20120509	-1
20121228	-1
20130131	-1
20121101	1
20120221	1
20111107	-1
20130124	1
20120312	1
20120813	1
20111101	1
20120905	1
20120608	1
20130211	1
20130606	1
20111229	1
20121107	-1
20130416	1
20130510	-1
20111018	1
20120829	-1
20111213	-1
20111125	-1
20120222	-1
20111228	1
20120830	1
20120306	-1
20120806	1
20120601	-1
20130410	1
20121113	-1
20120802	-1
20130524	-1
20130514	1
20120103	-1
20121005	-1
20120120	-1
20130531	-1
