20130524	-1
20130419	1
20130321	-1
20130418	1
20130522	1
20130111	1
20130619	-1
20130226	-1
20130411	-1
20130206	-1
20130403	-1
20130521	1
20130606	1
20130313	1
20130425	-1
20130530	1
20130104	-1
20130312	-1
20130515	1
20130429	-1
20130228	1
20130219	1
20130410	1
20130308	-1
20130618	1
20130506	-1
20130517	1
20130423	1
20130311	1
20130114	1
20130306	1
20130620	-1
20130531	-1
20130319	1
20130513	-1
20130301	1
20130215	1
20130103	-1
20130408	1
20130612	-1
20130320	1
20130116	1
20130307	-1
20130109	1
20130314	1
20130225	-1
20130402	-1
20130227	-1
20130214	1
20130304	1
20130401	1
20130213	-1
20130201	1
20130107	1
20130110	1
20130205	-1
20130204	1
20130318	-1
20130409	1
20130613	1
20130508	-1
20130325	1
20130220	1
20130503	1
20130322	1
20130520	-1
20130412	-1
20130617	-1
20130118	1
20130415	-1
20130430	1
20130208	-1
20130327	-1
20130507	1
20130516	1
20130603	1
20130607	1
20130426	1
20130611	-1
20130422	1
20130207	-1
20130315	1
