20080806	1
20080710	1
20100310	-1
20091009	1
20091201	1
20080829	1
20100609	1
20081226	1
20081023	1
20090910	1
20080905	1
20090922	1
20081029	1
20080805	-1
20081223	-1
20081209	1
20080820	1
20100326	1
20100121	-1
20091117	1
20080915	-1
20090209	-1
20100604	-1
20080922	-1
20091130	1
20100305	1
20100129	-1
20100315	-1
20090108	1
20091105	-1
20091210	-1
20081114	-1
20100311	-1
20100421	-1
20080827	1
20090203	1
20081003	1
20080924	-1
20100514	-1
20081215	-1
20081210	1
20091002	-1
20080711	-1
20100518	-1
20090210	-1
20100202	1
20081113	1
20080715	-1
20081006	-1
20100610	1
20081021	-1
20090220	-1
20100427	-1
20081204	-1
20081028	1
20100809	1
20100416	-1
20080821	-1
20081002	-1
20100113	1
20100428	-1
20100216	1
20091012	-1
20090914	1
20090925	-1
20100308	-1
20100318	-1
20081126	1
20090915	1
20081017	-1
20100506	-1
20091218	1
20080723	-1
20081117	-1
20090213	1
20100406	1
20091127	-1
20080826	1
20080716	1
20090107	1
20090126	1
20091112	-1
20100106	1
20100211	1
20100226	-1
20100115	-1
20080813	1
20100504	-1
20081217	1
20100225	1
20090930	-1
20100505	-1
20080804	-1
20100726	-1
20100303	1
20091006	-1
20081208	1
20100222	-1
20091211	1
20100401	1
20090122	-1
20100414	1
20100201	1
20090929	-1
20100125	1
20100319	-1
20100208	-1
20080815	-1
20080822	-1
20100607	-1
20081231	1
20100108	1
20100603	-1
20090916	1
20090206	1
20081014	1
20080908	-1
20090917	-1
20080812	1
20100301	1
20090909	1
20090827	1
20100219	1
20081218	-1
20100625	1
20081110	1
20100507	1
20091216	1
20090924	-1
20081013	1
20100513	-1
20100325	-1
20091125	1
20100519	1
20100317	-1
20081222	-1
20100322	1
20100813	-1
20081202	1
20100608	1
20080825	-1
20081230	1
20081020	1
20090923	-1
20080904	-1
20081022	-1
20080708	-1
20080923	-1
20080911	1
20100204	-1
20100119	1
20090127	-1
20081024	-1
20080903	-1
20090903	1
20081201	-1
20091106	1
20100408	-1
20091124	1
20090129	-1
20091229	-1
20080728	1
20090918	-1
20081027	-1
20090928	-1
20100105	1
20081119	-1
20091119	-1
20081112	-1
20090205	1
20090821	1
20080714	-1
20100624	-1
20091015	1
20081224	-1
20081008	-1
20100107	-1
20091209	1
20081216	1
20081229	-1
20100728	-1
20090212	-1
20091204	-1
20100426	-1
20080722	-1
20100511	1
20080930	1
20080909	-1
20080718	-1
20100528	1
20100429	-1
20081120	-1
20091202	1
20081124	1
20081211	-1
20100210	-1
20090826	-1
20090824	1
20080801	1
20080717	-1
20080721	1
20091214	1
20100127	-1
20091113	1
20100120	-1
20090120	-1
20081104	1
20081103	-1
20100111	-1
20100729	-1
20100723	1
20100405	1
20091001	-1
20090825	-1
20080917	-1
20100329	1
20100330	-1
20100419	-1
20080912	1
20100521	-1
20100312	-1
20091014	1
20100820	-1
20080709	1
20100223	-1
20100331	-1
20081016	1
20080707	-1
20090105	1
20100413	-1
20100323	1
20091215	-1
20100209	1
20100407	-1
20100412	-1
20081007	-1
20100128	-1
20080818	-1
20091109	1
20100512	1
20091110	-1
20090121	1
20081010	-1
20100316	1
20090109	-1
20090911	-1
20091111	1
20091207	1
20100617	1
