20081106	-1
20080528	-1
20081029	-1
20080606	-1
20080721	1
20090925	-1
20090901	-1
20081010	-1
20080718	1
20080624	-1
20090928	1
20090106	1
20080515	1
20080725	-1
20080313	1
20080611	-1
20090921	-1
20080319	-1
20081210	1
20080509	-1
20090128	-1
20080821	1
20080505	-1
20091002	1
20080910	1
20080307	1
20090213	-1
20081015	-1
20080328	1
20080314	1
20081224	1
20080924	1
20080801	1
20081125	1
20081104	1
20080425	1
20081119	-1
20080403	-1
20080616	1
20080605	-1
20080327	-1
20080414	1
20090910	-1
20080804	-1
20090127	1
20080908	1
20080305	-1
20081211	-1
20091009	1
20080430	1
20081105	-1
20080915	-1
20090114	-1
20080626	-1
20081113	1
20090209	-1
20080402	1
20080407	-1
20080811	1
20080617	-1
20080716	-1
20080514	1
20090930	-1
20090202	1
20080320	1
20081006	-1
20080516	1
20081205	1
20080806	1
20090130	-1
20081114	-1
20080724	-1
20081218	-1
20081017	-1
20090915	1
20080819	-1
20080904	-1
20080828	1
20090821	1
20081202	1
20081014	-1
20080623	-1
20081110	-1
20080909	1
20091015	-1
20080304	1
20080603	-1
20080602	-1
20080523	-1
20080717	-1
20081013	1
20081222	-1
20090120	-1
20080428	1
20081124	1
20081209	-1
20081217	1
20090212	1
20080409	-1
20080708	1
20080630	-1
20080703	1
20090824	1
20081002	-1
20080501	1
20080422	-1
20080613	1
20080902	1
20081112	-1
20081031	1
20080825	-1
20090924	-1
20080918	1
20080522	1
20080324	1
20081201	-1
20080711	-1
20080919	1
20080715	-1
20080618	-1
20080310	-1
20080513	1
20091013	1
20080228	-1
20090902	1
20090107	-1
20080827	1
20090929	1
20081121	1
20090826	1
20090828	1
20081103	-1
20080508	1
20090126	1
20080229	-1
20081215	-1
20081126	1
20080610	1
20080311	1
20081204	1
20080619	1
20080506	1
20081009	-1
20081212	1
20080417	1
20090109	-1
20080923	-1
20080325	-1
20080423	1
20080318	1
20081120	-1
20090129	-1
20081219	1
20090904	-1
20080416	1
20090122	-1
20080519	1
20090102	1
20080512	1
20080822	1
20080820	1
20080903	1
20090211	1
20080829	-1
20091012	1
20080722	1
20081111	-1
20080826	1
20081117	-1
20080404	1
20081008	-1
20080807	1
20080410	1
20080421	-1
20080805	1
20080331	-1
20080530	1
20090219	-1
20081216	1
20080925	1
20081223	-1
20080502	-1
20080408	1
20081020	1
20080922	-1
20080411	-1
20090105	1
20090922	1
20090313	1
20080520	-1
20080303	-1
20080424	1
20090916	1
20081226	1
20080418	1
20090220	-1
20080911	1
20080930	1
20081208	1
20090123	-1
20080813	1
