20080313	1
20080829	1
20080507	-1
20080819	-1
20080910	1
20080625	1
20080626	-1
20081110	-1
20080812	-1
20080311	1
20080307	-1
20080530	1
20080808	1
20080417	-1
20080623	-1
20080411	-1
20080905	1
20081003	-1
20080326	-1
20080523	-1
20080320	1
20080721	1
20080508	-1
20080723	1
20080929	-1
20080422	-1
20080904	-1
20080529	1
20080327	-1
20080815	1
20081013	-1
20080522	-1
20080718	-1
20080606	-1
20080822	1
20080903	1
20081105	-1
20081021	-1
20080917	-1
20080303	1
20081002	-1
20080402	1
20080611	-1
20080813	-1
20080618	-1
20081017	-1
20080407	-1
20080401	1
20080922	-1
20080909	-1
20081106	-1
20081030	-1
20081020	-1
20080319	1
20081111	-1
20080229	-1
20080724	-1
20080703	-1
20080605	1
20080924	1
20080702	-1
20080306	1
20080502	1
20080617	-1
20081009	-1
20080428	-1
20080410	1
20081006	-1
20081010	1
20080519	-1
20080501	1
20080825	-1
20080701	-1
20081031	1
20080911	-1
20080709	-1
20081008	1
20081112	-1
20080807	-1
20080409	-1
20080227	-1
20080624	-1
20080827	1
20080919	1
20080604	-1
20080505	-1
20080619	1
20080328	-1
20080514	1
20080512	1
20080515	1
20080421	1
20080516	-1
20080725	-1
20080403	-1
20080602	-1
20080429	-1
20080430	-1
20080314	-1
20080630	-1
20080616	1
20080324	1
20080506	1
20080527	-1
20080930	1
20080528	1
20080722	1
20080418	1
20080923	-1
20080814	1
20080828	1
20080902	1
20080404	1
20080228	-1
20080627	-1
20080707	1
20080305	1
20080318	1
20080620	-1
20081113	1
20080610	-1
20081016	-1
20080821	-1
20080708	1
20080714	-1
20080408	1
