20130220	-1
20111230	1
20121115	-1
20120604	-1
20130214	1
20120702	-1
20111228	-1
20130320	1
20120223	-1
20120412	1
20120201	1
20120508	-1
20121003	1
20111202	1
20130219	-1
20130313	1
20120614	-1
20120305	-1
20121120	1
20130122	1
20130128	1
20120423	-1
20120312	1
20120207	-1
20121207	1
20120427	1
20121227	1
20120612	1
20121226	1
20120517	-1
20120202	1
20120618	1
20120120	1
20120619	1
20130117	1
20120309	1
20121005	1
20120404	1
20120511	-1
20130604	-1
20120904	-1
20120328	-1
20130131	-1
20130403	-1
20121031	1
20130215	1
20130401	-1
20120917	-1
20130308	1
20121017	-1
20120522	1
20120307	1
20120419	-1
20120208	-1
20130415	-1
20130509	-1
20111118	-1
20130326	1
20120203	1
20130118	-1
20120109	1
20130411	1
20130522	-1
20130208	1
20130402	1
20120315	-1
20120215	1
20120828	1
20120515	-1
20130508	-1
20121130	1
20120629	1
20121210	1
20120301	1
20120424	-1
20130507	1
20120820	-1
20120509	1
20130612	1
20130325	-1
20121221	1
20120910	-1
20120831	1
20130418	-1
20130620	-1
20111223	1
20121023	-1
20120905	1
20111214	-1
20120827	1
20120730	1
20111229	1
20130523	-1
20120119	1
20120409	-1
20120611	-1
20120209	-1
20120724	-1
20130605	-1
20111208	-1
20120605	1
20120111	1
20130116	1
20121114	-1
20121025	1
20120410	-1
20121018	-1
20130103	-1
20120221	-1
20120620	-1
20130531	-1
20130102	1
20121126	-1
20121206	1
20130321	1
20111129	-1
20120705	1
20120822	-1
20120217	1
20120717	1
20120123	1
20120127	1
20120927	-1
20111125	1
20130516	1
20121011	1
20130129	-1
20121101	1
20120322	-1
20111209	1
20120921	-1
20130318	-1
20120824	1
20120222	1
20121016	1
20130304	1
20130408	-1
20130206	-1
20111213	-1
20130328	-1
20120622	-1
20120928	-1
20111220	1
20121024	-1
20120625	-1
20130124	1
20111207	-1
20121204	1
20130107	-1
20120815	-1
20120525	1
20120103	1
20120925	-1
20120319	-1
20120912	-1
20120716	-1
20120314	-1
20121219	1
20120807	1
20120413	1
20121231	1
20130104	1
20120803	1
20120214	-1
20130204	-1
20120523	-1
20120711	-1
20120914	1
20130301	1
20121205	-1
20130429	1
20120706	-1
20120229	1
20130221	-1
20120227	-1
20120907	1
20120323	1
20130211	1
20120125	-1
20130205	1
20120113	1
20130228	1
20121105	-1
20111122	-1
20130212	1
20121002	1
20130314	1
20111123	-1
20130404	-1
20120430	-1
20130312	-1
20121112	1
20120210	1
20120126	1
20130430	1
20120821	-1
20120713	1
20130110	1
20130227	1
20120329	1
20120723	-1
20121026	-1
20120829	-1
20120130	-1
20121022	1
20120313	1
20130502	1
20121010	-1
20130201	1
20120131	-1
20130606	1
20130619	1
20130528	1
20130621	-1
20120330	-1
20130503	1
20120426	-1
20130109	1
20120720	-1
20130417	-1
20130115	1
20120809	1
20120216	1
20121213	-1
20120813	1
20120124	1
20121128	1
20121113	-1
20120606	1
20121009	-1
20130416	1
20121220	1
20130610	1
20121228	-1
20120418	1
20120703	1
20130419	1
20120529	1
20130607	1
20120918	1
20120224	1
20120920	1
20120530	-1
20121116	1
20120302	1
20130412	1
20130513	1
20120906	1
20120919	1
20130425	1
20130617	-1
20120727	1
20121214	-1
20121019	-1
20111215	1
20111121	-1
20120206	-1
20130611	-1
20120911	1
20120117	-1
20120709	1
20120521	1
20121102	1
20120308	1
20120411	1
20130524	-1
20120817	1
20120913	-1
20120518	-1
20120503	-1
20130514	1
20121015	1
20111205	1
20120731	1
20111221	-1
20130226	1
20121108	-1
20120402	-1
