20100816	-1
20100415	1
20100128	-1
20091006	1
20100513	-1
20100723	1
20090831	-1
20100302	1
20090923	-1
20100407	-1
20091002	-1
20090929	1
20090901	-1
20090825	-1
20100317	-1
20091014	1
20091229	-1
20091005	-1
20100419	1
20100121	1
20091008	1
20100112	-1
20100105	-1
20091120	-1
20090910	-1
20100203	1
20091127	-1
20100218	1
20100113	1
20100111	1
20100225	1
20091015	1
20100519	1
20091204	-1
20100426	-1
20091214	1
20100420	-1
20100217	1
20100809	-1
20100104	-1
20090827	1
20091209	1
20091217	-1
20090824	-1
20100421	1
20100325	1
20100108	-1
20100622	-1
20100226	-1
20090826	1
20100726	-1
20090915	1
20100216	1
20090925	-1
20100614	-1
20100618	1
20091223	1
20100319	1
20100623	1
20091124	1
20100211	1
20100212	-1
20091210	-1
20100126	-1
20100120	-1
20100813	-1
20100205	1
20091201	-1
20091119	-1
20100114	1
20100610	1
20090911	-1
20100506	-1
20100310	1
20091013	-1
20090909	1
20100224	1
20100602	-1
20100315	-1
20091118	-1
20090914	1
20100119	-1
20100624	1
20090922	-1
20091203	-1
20100115	-1
20100517	1
20091007	1
20091106	1
20100106	1
20100518	-1
20100309	-1
20100406	1
20100308	-1
20100423	-1
20100412	1
20100301	1
20100311	1
20100729	-1
20091123	1
20091110	1
20091222	-1
20100607	-1
20091116	1
20100326	-1
20091208	1
20091228	1
20100331	-1
20100208	-1
20100728	-1
20100122	1
20090904	-1
20100512	1
20090930	1
20091125	-1
20100210	1
20100820	-1
20091117	-1
20100316	1
20100330	-1
20091001	-1
20091111	-1
20100312	-1
20100413	1
20100329	-1
20100201	-1
20100305	1
20100603	1
20091202	1
20100324	-1
20100428	1
20091218	-1
20100507	-1
20090921	1
20091109	-1
20090924	-1
