20080324	1
20080618	1
20080805	1
20080822	1
20080303	-1
20080508	1
20080606	-1
20080811	-1
20080421	-1
20080306	-1
20080528	1
20080512	1
20080801	1
20080527	1
20080610	-1
20080703	1
20080602	-1
20080804	1
20080725	1
20080422	-1
20080408	-1
20080821	1
20080402	1
20080604	1
20080513	1
20080530	1
20080417	1
20080620	-1
20080328	-1
20080708	-1
20080521	-1
20080529	1
20080326	-1
20080721	1
20080523	-1
20080626	1
20080228	-1
20080623	1
20080227	-1
20080808	1
20080617	1
20080509	-1
20080515	-1
20080820	1
20080807	-1
20080724	-1
20080424	1
20080411	-1
20080320	1
20080501	1
20080403	1
20080616	1
20080728	-1
20080701	1
20080312	-1
20080806	-1
20080407	-1
20080313	-1
20080625	1
20080327	-1
20080718	1
20080304	-1
20080826	1
20080305	1
20080702	-1
20080425	-1
20080416	1
20080404	-1
20080815	1
20080813	1
20080314	-1
20080410	1
20080611	-1
20080814	1
20080612	1
20080429	1
20080723	1
20080722	-1
20080318	1
20080605	1
20080624	-1
20080415	1
20080717	1
20080812	-1
20080514	1
20080310	-1
20080226	-1
20080307	-1
