20080905	-1
20081204	-1
20080826	-1
20090903	-1
20081119	-1
20091013	-1
20080502	1
20091120	-1
20081014	-1
20080603	1
20100219	1
20080602	-1
20100126	-1
20100528	-1
20080717	1
20080528	1
20080313	-1
20090918	1
20080807	-1
20091124	-1
20091111	1
20080812	-1
20100427	-1
20100407	-1
20100329	-1
20100518	-1
20080325	1
20080429	-1
20080618	-1
20080227	1
20080613	1
20080723	1
20081210	1
20090219	-1
20100728	1
20080910	-1
20080919	1
20091113	1
20090924	-1
20080702	-1
20100723	-1
20100517	1
20091117	-1
20091207	-1
20081017	-1
20100430	-1
20081205	1
20080229	-1
20080606	-1
20081124	1
20090109	-1
20100413	1
20100302	1
20080604	1
20090831	-1
20080328	-1
20080619	1
20081021	-1
20080513	-1
20080515	1
20081029	-1
20100324	-1
20080403	-1
20080530	1
20090120	-1
20080625	1
20091221	1
20091116	1
20091110	-1
20081230	1
20080529	1
20091119	-1
20100401	1
20080521	-1
20081013	1
20081110	1
20080828	1
20091229	-1
20080404	-1
20080916	1
20100816	-1
20080701	1
20080623	-1
20080401	1
20091211	1
20090827	-1
20080421	-1
20080630	-1
20100107	-1
20100504	-1
20100125	1
20081126	1
20080703	-1
20100121	-1
20080912	-1
20100426	-1
20100623	1
20080801	-1
20090217	-1
20090922	1
20081002	-1
20080418	-1
20081113	1
20081030	-1
20100416	-1
20080506	1
20100112	-1
20100217	-1
20081106	-1
20081111	-1
20090114	-1
20100809	1
20100610	1
20090121	1
20091218	1
20080509	1
20080505	1
20080721	-1
20100514	-1
20100420	-1
20091118	-1
20080311	1
20100511	-1
20100519	1
20100326	1
20090202	1
20090901	-1
20080424	1
20090127	1
20081201	-1
20081112	-1
20080804	-1
20080317	-1
20080819	1
20081208	1
20100203	-1
20100406	1
20091007	-1
20080331	1
20100521	-1
20081121	1
20081118	-1
20100318	1
20100330	1
20090902	-1
20100305	1
20080520	-1
20100415	1
20100729	1
20080425	-1
20100114	-1
20090904	1
20100604	-1
20090916	1
20081215	-1
20091112	-1
20100325	1
20080814	1
20081024	1
20100602	-1
20080710	1
20080312	-1
20091222	1
20081219	1
20091109	1
20080730	1
20090909	1
20081218	-1
20080715	-1
20090210	-1
20080609	1
20081006	1
20080923	-1
20100512	1
20080605	1
20080821	1
20090914	1
20100513	-1
20100408	-1
20100204	-1
20100127	1
20100322	1
20080616	1
20100819	1
20080228	-1
20080620	-1
20091231	-1
20100224	1
20081103	1
20080915	-1
20091008	1
20080314	-1
20100622	-1
20090108	1
20080930	1
20091201	1
20081104	1
20100813	-1
20100122	-1
20100618	-1
20080417	-1
20080822	1
20091208	-1
20080226	1
20080516	-1
20100105	1
20090218	1
20090102	1
20100209	1
20080519	1
20080708	1
20090122	-1
20091105	-1
20080714	-1
20080924	-1
20100607	-1
20080917	-1
20100120	-1
20100317	1
20100505	-1
20080522	1
20080610	1
20080319	-1
20080306	-1
20090825	1
20100820	1
20090220	1
20090105	1
20081203	1
20080508	-1
20080307	1
20091230	1
20081231	1
20091203	-1
20100301	1
20080320	1
20100316	-1
20080612	1
20090213	1
20081224	1
20090911	-1
20100223	-1
20080825	-1
20090205	1
20080627	1
20080501	1
20100507	-1
20091012	-1
20080908	1
20080409	-1
20100419	1
20091214	-1
20100625	1
20080507	-1
20081209	1
20100506	-1
20080422	-1
20090130	-1
20100205	1
20100212	-1
20100111	1
20090923	-1
20080813	-1
20080729	1
20100503	1
20100216	1
20081211	-1
20091005	1
20080410	1
20091127	-1
20100201	1
20100308	-1
20090821	1
20081216	1
20090128	1
20090929	1
20080808	1
20080722	1
20100113	1
20090921	-1
20080327	-1
20100412	-1
20091223	1
20091210	1
20091014	1
20080310	-1
20080709	-1
20080718	-1
20081003	-1
20080527	1
20100115	-1
20100319	-1
20080904	-1
20100617	1
20080724	-1
20090123	1
20100409	1
20081117	-1
20090204	1
20080805	1
20090925	-1
20081229	-1
20091006	-1
20090112	-1
20081212	-1
20100129	-1
20100202	1
20091228	-1
20080523	-1
20080415	-1
20090223	-1
20090828	-1
