20080326	-1
20080605	1
20080707	-1
20080627	-1
20080730	-1
20080331	1
20080818	-1
20080801	-1
20080729	1
20080424	1
20080623	-1
20080715	-1
20080617	-1
20080724	-1
20080611	-1
20080630	1
20080612	1
20080718	-1
20080324	1
20080811	1
20080314	1
20080609	-1
20080303	1
20080305	1
20080813	1
20080506	-1
20080317	-1
20080328	-1
20080403	1
20080519	1
20080805	1
20080423	-1
20080307	1
20080604	1
20080709	-1
20080229	-1
20080401	1
20080312	-1
20080513	1
20080509	1
20080415	-1
20080407	1
20080418	1
20080319	-1
20080806	-1
20080226	1
20080318	1
20080603	-1
20080620	-1
20080410	1
20080723	1
20080320	1
20080521	-1
20080812	-1
20080505	-1
20080311	1
20080606	-1
20080619	1
20080819	-1
20080708	1
20080820	-1
20080616	1
20080402	1
20080228	-1
20080701	1
20080728	-1
20080613	1
20080409	-1
20080512	1
20080722	1
20080814	-1
20080710	1
20080516	1
20080306	-1
20080414	-1
20080725	-1
20080711	-1
20080703	-1
20080304	-1
20080310	-1
20080624	-1
20080429	1
20080530	-1
20080507	-1
20080610	1
20080602	-1
