20120925	-1
20120706	-1
20111219	-1
20110809	1
20110802	-1
20130613	1
20130522	-1
20121009	-1
20120224	1
20130430	1
20111230	1
20111005	1
20130305	-1
20130322	1
20130311	-1
20130130	1
20110804	-1
20110706	-1
20110825	1
20121221	-1
20120202	-1
20110603	1
20120106	1
20120830	1
20110808	-1
20110510	1
20120117	1
20120227	1
20121129	1
20120926	-1
20110818	-1
20120613	-1
20111017	1
20120419	-1
20110415	-1
20120810	-1
20121120	-1
20130109	-1
20120620	-1
20110505	1
20110405	1
20120918	-1
20130402	-1
20111004	1
20120327	1
20120522	1
20110610	-1
20120809	-1
20120807	1
20111012	1
20120213	1
20110803	-1
20120905	-1
20110406	1
20111117	1
20110425	-1
20110914	1
20111228	-1
20111007	-1
20120927	1
20110613	-1
20120229	-1
20110707	-1
20120228	1
20130619	-1
20130129	1
20120217	-1
20120328	1
20111013	1
20120130	-1
20110223	-1
20110819	-1
20120621	-1
20120801	-1
20120917	1
20110721	1
20121005	-1
20120716	1
20110715	1
20111020	1
20130114	-1
20110727	1
20110321	1
20120127	-1
20120710	1
20130312	-1
20111116	-1
20111220	1
20110815	1
20110222	-1
20111202	1
20110411	-1
20120928	-1
20130131	-1
20111201	1
20110310	-1
20121214	-1
20120209	1
20120109	-1
20121203	1
20111011	-1
20120628	1
20130418	1
20110902	-1
20130111	-1
20120808	-1
20120120	-1
20110627	-1
20121205	-1
20120113	-1
20130122	1
20110502	1
20130415	-1
20110907	1
20120409	-1
20121015	1
20110810	1
20130221	-1
20120727	1
20110330	-1
20120831	1
20130521	1
20130326	1
20110512	1
20130328	1
20121228	-1
20120210	-1
20110301	-1
20130520	1
20121031	1
20110504	-1
20130214	-1
20120418	1
20110812	-1
20110622	1
20110527	1
20110401	-1
20111108	1
20120518	-1
20130513	1
20110830	1
20121127	1
20110309	-1
20120813	1
20130211	1
20110519	1
20111122	1
20111109	-1
20120824	1
20110901	-1
20110720	1
20110419	1
20111121	1
20120815	-1
20110725	-1
20130426	-1
20110607	1
20110408	1
20120703	1
20120410	-1
20110329	1
20110311	1
20111014	-1
20121206	-1
20130408	1
20120802	-1
20110616	-1
20130125	1
20120611	-1
20130531	-1
20111028	-1
20111026	-1
20111227	1
20120523	-1
20120709	-1
20130425	-1
20120731	-1
20110315	-1
20121025	1
20111128	-1
20121112	-1
20120626	-1
20130307	1
20120612	-1
20130115	-1
20130614	1
20120803	1
20120625	-1
20110525	-1
20121116	1
20111107	-1
20130201	1
20130208	-1
20120821	1
20121016	1
20110728	1
20110630	1
20120828	-1
20120111	1
20130319	1
20111027	1
20120719	-1
20120511	-1
20120817	-1
20110328	1
20130108	1
20120605	1
20110509	1
20130502	1
20120601	-1
20110916	-1
20130620	-1
20130419	1
20110620	-1
20120723	-1
20110324	1
20120416	-1
20121204	1
20110513	-1
20121107	-1
20130604	-1
20110726	1
20120924	1
20120515	-1
20120216	1
20111024	1
20111123	-1
20130204	-1
20120718	1
20130314	1
20130212	1
20110526	-1
20110216	-1
20120104	1
20110713	1
20120622	-1
20120319	1
20120118	-1
20120712	1
20121211	-1
20120329	-1
20110506	1
20110225	1
20120301	1
20130118	1
20130301	1
20111129	1
20120201	-1
20130116	-1
20110608	-1
20120531	1
20110831	1
20110915	1
20120417	-1
20120321	1
20121102	-1
20110413	1
20110629	1
20111212	-1
20120713	1
20120711	1
20120629	1
20110913	1
20121023	-1
20130410	1
20110524	1
20121012	-1
20130610	-1
20130514	1
20130228	1
20111110	1
20130618	-1
20110929	-1
20130313	-1
20120829	1
20110314	-1
20120125	1
20110615	-1
20120223	1
20120315	1
20110920	1
20110404	-1
20110325	-1
20130516	-1
20130605	-1
20121004	1
20111104	1
20120405	1
20111214	-1
20120730	1
20121024	1
20120308	1
20110215	1
20110531	1
20110823	1
20130222	1
20111115	1
20120316	1
20120320	-1
20120906	1
20110609	-1
20130103	1
20120614	1
20121018	1
20120412	1
20130320	1
20130621	-1
20120514	-1
20110317	1
20120208	1
20130226	1
20120105	1
20120126	-1
20121011	-1
20130423	1
20121224	-1
20110712	-1
20120510	1
20120323	1
20130206	-1
20120910	-1
20110926	1
20130606	1
20120423	-1
20120907	1
20110429	-1
20111102	1
20130524	1
20110331	-1
20120426	1
20130603	1
20111207	-1
20130611	-1
20130416	1
20121128	1
20110407	-1
20120823	-1
20110323	-1
20110718	-1
20121113	-1
20121226	-1
20110426	-1
20120503	-1
20130315	-1
20130318	-1
20120904	-1
20120524	-1
20121220	1
20120627	1
20111205	-1
20121126	-1
20120911	-1
20111101	-1
20120221	-1
20120112	-1
20110930	-1
20120921	1
20130528	-1
20110214	-1
20110302	1
20120424	-1
20110307	1
20111222	1
20130117	1
20111209	1
20121001	-1
20120123	1
20121003	1
20110805	-1
20120702	1
20111111	1
20130509	1
20121105	-1
20120814	1
20110428	1
20110523	-1
20121109	-1
20120413	-1
20110520	1
20120314	-1
20120507	-1
20110601	-1
20120516	-1
20130503	1
20120214	-1
20120330	-1
20110816	-1
20130510	-1
20110922	-1
20110722	-1
20110908	-1
20120206	1
20110318	1
20110927	1
20110714	-1
20120312	-1
20111025	1
20111215	-1
20110822	-1
20110912	1
20110420	1
20120404	-1
20110316	1
20121008	-1
20130308	1
20120427	1
20121219	-1
20110623	-1
20110801	1
20130405	-1
20110614	1
20110708	-1
20120430	1
20111006	1
