20080502	-1
20080508	1
20080620	-1
20080414	-1
20080627	-1
20080523	1
20080411	-1
20080402	1
20080312	1
20080624	-1
20080506	1
20080407	-1
20080603	-1
20080507	-1
20080313	-1
20080612	1
20080424	1
20080327	-1
20080304	1
20080319	-1
20080623	1
20080501	1
20080522	1
20080610	1
20080604	-1
20080226	1
20080626	-1
20080618	-1
20080520	-1
20080505	-1
20080311	1
20080403	1
20080530	1
20080320	-1
20080630	-1
20080430	-1
20080328	-1
20080609	1
20080519	1
20080613	1
20080617	-1
20080325	1
20080314	-1
20080529	-1
20080415	-1
20080324	1
20080401	1
20080326	-1
20080418	1
20080521	-1
20080408	-1
20080317	-1
20080616	-1
20080422	-1
20080516	-1
20080625	1
20080227	-1
20080423	1
20080228	-1
20080409	-1
20080305	1
20080514	-1
