20100223	-1
20100305	1
20100820	-1
20100122	-1
20100521	-1
20100315	-1
20090901	-1
20100409	1
20090929	1
20100519	-1
20100202	1
20100514	-1
20091009	1
20100319	1
20090902	-1
20100401	1
20100420	1
20100423	1
20090918	-1
20090922	1
20100813	-1
20100120	1
20091208	-1
20091002	1
20100504	-1
20091222	-1
20100108	-1
20100407	1
20100302	1
20090916	1
20100324	1
20100114	1
20100216	1
20091203	-1
20100414	1
20100331	1
20091005	1
20100204	-1
20100415	1
20100816	1
20100217	1
20100505	-1
20091224	1
20100310	1
20100312	1
20100212	1
20091201	1
20090904	1
20100513	-1
20091231	-1
20100106	-1
20091209	-1
20091117	-1
20091015	-1
20100208	-1
20091230	-1
20091118	-1
20100819	-1
20100209	1
20100429	1
20091229	1
20091111	1
20091221	1
20100426	1
20100507	-1
20091215	-1
20091120	-1
20091125	-1
20100105	-1
20100430	-1
20091204	1
20091130	-1
20091217	-1
20100121	-1
20091210	1
20100119	1
20100503	1
20091223	-1
20090826	1
20091113	1
20100511	1
20091109	1
20100723	1
20100128	-1
20100412	-1
20100111	1
20090825	1
20090824	1
20100316	1
20100203	1
20091228	-1
20100210	-1
20100416	-1
20091001	-1
20090911	-1
20100422	1
20100728	-1
20091006	1
20100428	1
20100518	-1
20091012	-1
20100308	1
20100129	-1
20100303	-1
20100301	1
20091119	-1
20100421	1
20100126	1
20100322	1
20100528	1
20100413	-1
20100219	1
20100113	1
20100317	-1
20091110	1
20100406	1
20100427	-1
20100405	1
20100125	-1
20100115	-1
20091202	1
20091014	1
20100318	1
20091211	1
20091216	1
20100323	1
