20080714	-1
20080619	1
20081001	-1
20080320	1
20080325	-1
20080805	1
20080929	-1
20080324	1
20080814	1
20080310	-1
20080813	-1
20080425	1
20080401	1
20080313	1
20080331	1
20080624	-1
20080717	1
20081003	-1
20080630	-1
20080904	-1
20080409	-1
20080924	1
20080627	-1
20080715	1
20080820	1
20080508	-1
20080902	1
20080925	1
20080416	1
20080423	1
20080303	-1
20080930	-1
20080822	1
20080529	-1
20080422	-1
20080725	1
20080722	-1
20080623	-1
20080905	1
20080707	1
20080911	-1
20080812	1
20080404	1
20080807	-1
20080417	1
20080903	1
20080402	1
20080825	-1
20080709	-1
20080808	1
20080730	-1
20080618	1
20080710	-1
20080609	1
20080521	-1
20080527	1
20080723	-1
20081002	-1
20080711	-1
20080922	-1
20080804	-1
20080414	-1
20080701	1
20080514	1
20080821	1
20080415	1
20080505	-1
20080226	1
20080724	-1
20080728	-1
20080616	1
20080326	-1
20080305	1
20080317	-1
20080818	-1
20080916	-1
20080507	-1
20080311	1
20080721	-1
20080515	1
20080430	1
20080617	-1
20080829	-1
20080319	-1
20080815	1
20080327	-1
20080403	-1
20080501	-1
20080811	1
20080801	-1
20080418	1
20080606	-1
20080506	-1
20080411	1
20080918	1
20080718	1
20080523	-1
20080318	1
20080729	1
20080703	1
20080520	-1
20080228	-1
20080806	-1
20080229	-1
20080827	1
20080605	1
20080917	-1
