20120731	-1
20120605	1
20130416	1
20130515	1
20130617	1
20130215	-1
20121025	1
20130502	-1
20120103	-1
20130221	-1
20120201	1
20130312	-1
20130419	-1
20120606	1
20130603	1
20120920	-1
20120814	-1
20121026	-1
20111018	1
20120813	1
20120924	1
20121207	1
20120213	-1
20130219	1
20130430	-1
20120321	1
20120510	1
20120214	-1
20120216	1
20121121	1
20111227	1
20130424	1
20120419	-1
20130418	-1
20120207	1
20120522	1
20120302	-1
20130327	-1
20130207	-1
20121226	-1
20111107	-1
20121022	1
20120611	-1
20120711	-1
20111223	1
20120119	-1
20111205	1
20120124	1
20130510	-1
20130521	-1
20120426	1
20121023	-1
20120801	-1
20111108	1
20120529	1
20130530	1
20130522	-1
20120524	1
20130621	-1
20120210	-1
20120403	-1
20121005	-1
20111220	1
20120110	1
20130305	1
20130205	1
20120203	1
20111215	1
20120417	1
20120307	1
20120113	-1
20120501	-1
20130425	1
20120627	1
20120706	-1
20130204	-1
20121210	1
20130514	1
20120118	1
20120718	1
20130315	1
20130212	1
20120328	-1
20130308	1
20111027	1
20121108	-1
20120912	-1
20120808	-1
20120511	-1
20130321	1
20121206	1
20130111	-1
20130325	-1
20120816	1
20120829	-1
20120927	1
20130109	1
20120807	1
20120709	-1
20130503	-1
20130507	1
20121017	-1
20130409	1
20120104	1
20121109	-1
20120326	1
20120725	1
20120928	-1
20111129	-1
20120614	-1
20120127	-1
20130201	1
20120515	-1
20130311	1
20120702	-1
20120329	-1
20120713	1
20120904	-1
20111209	1
20121105	1
20130506	1
20130402	-1
20120831	1
20120209	-1
20111017	-1
20130411	1
20120202	-1
20120530	-1
20120410	-1
20120914	1
20111028	1
20111125	-1
20130214	1
20111019	-1
20111020	1
20130104	-1
20120913	1
20120126	-1
20120620	-1
20121224	1
20130211	1
20120712	-1
20130328	1
20120615	1
20120423	-1
20120828	-1
20120322	-1
20120628	1
20111123	1
20120521	1
20111219	-1
20121113	-1
20120802	-1
20130422	-1
20120412	1
20120910	-1
20120905	1
20130619	-1
20130117	1
20120327	1
20120316	-1
20120330	1
20111014	1
20111230	-1
20120806	1
20120425	1
20111121	-1
20130314	1
20120509	-1
20130320	1
20130124	1
20130306	1
20130220	-1
20120608	1
20121130	-1
20111208	-1
20130116	-1
20120206	-1
20120112	-1
20120824	-1
20130524	-1
20111128	1
20130115	-1
20111110	-1
20120507	-1
20121024	-1
20120618	-1
20130426	-1
20130613	1
20111213	-1
20120117	1
20121221	-1
20120131	-1
20120612	1
20120228	-1
20111122	1
20130405	-1
20120315	1
20120312	1
20120427	1
20130123	1
20121015	1
20120906	1
20121010	-1
20121228	-1
20120918	1
20120917	-1
20120724	-1
20130322	-1
20130128	1
20120227	1
20120111	1
20121009	-1
20120911	1
20120120	-1
20120703	1
20130110	1
20120309	1
20121107	-1
20120217	1
20121112	1
20120621	-1
20120607	1
20120418	1
20120504	-1
20121231	1
20111216	1
20120514	-1
20111111	1
20121129	1
20120907	1
20130415	-1
20121205	1
20130529	-1
20111114	1
20121212	1
20130604	-1
20130401	-1
20120525	-1
20111229	1
20120730	1
20130313	-1
20120822	-1
20120613	-1
20130118	1
20121227	1
20121106	1
20120809	1
20121119	1
20130523	-1
20120622	-1
20130403	-1
20111222	-1
20130618	1
20120308	1
20130423	1
20121102	1
20121116	1
20120925	-1
20130213	1
20121126	1
20120409	-1
20120619	-1
20130607	1
20121012	1
20130620	-1
20121214	1
20121218	1
20111021	1
20130517	1
20111115	1
20121016	1
20130107	-1
20120105	-1
20120109	1
20120319	-1
20130222	1
20111202	-1
20120323	-1
20120723	1
20121101	1
20111130	1
20121114	-1
20120827	-1
20130125	-1
20130528	1
20121003	-1
20121002	1
20120413	-1
20130326	-1
20120306	-1
20111118	1
20130520	1
20111228	1
20120411	1
20130228	1
