AAPL	1205	0.474700	0.525300	0.834900
AA	1206	0.496700	0.503300	0.823400
ABC	1206	0.471800	0.528200	0.834200
ABT	1206	0.466800	0.533200	0.835800
ACE	1111	0.477900	0.522100	0.844300
ACN	1012	0.459500	0.540500	0.837900
ADBE	1205	0.493800	0.506200	0.843200
ADI	1206	0.480100	0.519900	0.836700
ADM	1206	0.490000	0.510000	0.831700
ADP	1206	0.460200	0.539800	0.827500
ADSK	1205	0.473900	0.526100	0.829900
AEE	1206	0.479300	0.520700	0.836700
AEP	1206	0.482600	0.517400	0.842500
AES	1206	0.484200	0.515800	0.837500
AET	1206	0.504100	0.495900	0.833300
AFL	1206	0.485900	0.514100	0.828400
AGN	1206	0.495900	0.504100	0.825900
AIG	1206	0.516600	0.483400	0.827500
AIV	1206	0.468500	0.531500	0.839100
AIZ	1206	0.481800	0.518200	0.836700
AKAM	1205	0.497900	0.502100	0.824900
ALL	1206	0.476000	0.524000	0.835000
ALTR	1205	0.497100	0.502900	0.828200
ALXN	1012	0.474300	0.525700	0.847800
AMAT	1205	0.486300	0.513700	0.846500
AMD	1206	0.484200	0.515800	0.838300
AMGN	1205	0.499600	0.500400	0.834000
AMP	1206	0.478400	0.521600	0.843300
AMT	1206	0.496700	0.503300	0.828400
AMZN	1205	0.501200	0.498800	0.819100
ANF	1206	0.486700	0.513300	0.837500
AN	1206	0.466000	0.534000	0.829200
AON	1012	0.471300	0.528700	0.858700
APA	1206	0.471800	0.528200	0.844900
APC	1206	0.488400	0.511600	0.832500
APD	1206	0.462700	0.537300	0.835800
APH	1066	0.497200	0.502800	0.847100
APOL	1205	0.506200	0.493800	0.849000
ARG	1012	0.456500	0.543500	0.824100
ATI	1206	0.512400	0.487600	0.835800
A	1012	0.468400	0.531600	0.838900
AVB	1206	0.483400	0.516600	0.835000
AVP	1206	0.496700	0.503300	0.835000
AVY	1206	0.473500	0.526500	0.824200
AXP	1206	0.466800	0.533200	0.846600
AZO	1206	0.465200	0.534800	0.840800
BAC	1206	0.514100	0.485900	0.828400
BA	1206	0.488400	0.511600	0.832500
BAX	1206	0.486700	0.513300	0.825000
BBBY	1205	0.484600	0.515400	0.846500
BBT	1206	0.491700	0.508300	0.830000
BBY	1206	0.498300	0.501700	0.845800
BCR	1206	0.487600	0.512400	0.835800
BDX	1206	0.468500	0.531500	0.809300
BEAM	1012	0.480200	0.519800	0.822100
BEN	1206	0.477600	0.522400	0.845800
BFdotB	984	0.460400	0.539600	0.824200
BHI	1206	0.487600	0.512400	0.824200
BIG	1206	0.503300	0.496700	0.835000
BIIB	1205	0.464700	0.535300	0.829900
BK	1205	0.502900	0.497100	0.829000
BLK	1012	0.488100	0.511900	0.834000
BLL	1206	0.476000	0.524000	0.830800
BMC	1206	0.478400	0.521600	0.820100
BMS	1206	0.480100	0.519900	0.830800
BMY	1206	0.471800	0.528200	0.821700
BRCM	1205	0.500400	0.499600	0.829900
BRKdotB	984	0.494900	0.505100	0.852600
BSX	1206	0.481800	0.518200	0.822600
BTU	1206	0.510800	0.489200	0.820900
BXP	1206	0.485900	0.514100	0.824200
CAG	1206	0.457700	0.542300	0.834200
CAH	1206	0.466000	0.534000	0.839100
CAM	1206	0.495900	0.504100	0.825900
CAT	1206	0.495900	0.504100	0.825000
CA	1206	0.472600	0.527400	0.825900
CBG	1206	0.490000	0.510000	0.820100
CBS	1206	0.476800	0.523200	0.835000
CB	1206	0.478400	0.521600	0.819200
CCE	1206	0.457700	0.542300	0.846600
CCI	1012	0.470400	0.529600	0.825100
CCL	1206	0.499200	0.500800	0.831700
CELG	1205	0.470500	0.529500	0.831500
CERN	1012	0.458500	0.541500	0.833000
CF	1088	0.483500	0.516500	0.835500
CHK	1206	0.476800	0.523200	0.841600
CHRW	1205	0.473900	0.526100	0.830700
CINF	1205	0.471400	0.528600	0.839800
CI	1206	0.480100	0.519900	0.840000
CLF	1012	0.497000	0.503000	0.825100
CL	1206	0.486700	0.513300	0.820900
CLX	1206	0.477600	0.522400	0.816700
CMA	1206	0.510800	0.489200	0.819200
CMCSA	1205	0.477200	0.522800	0.843200
CME	1206	0.492500	0.507500	0.840000
CMG	1012	0.455500	0.544500	0.830000
CMI	1206	0.490000	0.510000	0.830000
CMS	1206	0.446100	0.553900	0.830800
CNP	1206	0.476000	0.524000	0.839100
CNX	1206	0.509100	0.490900	0.830800
COF	1206	0.492500	0.507500	0.836700
COG	1130	0.495600	0.504400	0.835400
COH	1206	0.490900	0.509100	0.825900
COL	1206	0.497500	0.502500	0.819200
COP	1206	0.485900	0.514100	0.829200
COST	1205	0.482200	0.517800	0.832400
COV	1206	0.496700	0.503300	0.849100
CPB	1206	0.456100	0.543900	0.838300
CRM	1075	0.493000	0.507000	0.835300
CSCO	1205	0.484600	0.515400	0.834000
CSC	1206	0.478400	0.521600	0.841600
CSX	1206	0.462700	0.537300	0.831700
CTAS	1205	0.462200	0.537800	0.819100
CTL	1206	0.459400	0.540600	0.842500
CTSH	1205	0.501200	0.498800	0.819900
CTXS	1205	0.488800	0.511200	0.828200
C	1206	0.497500	0.502500	0.833300
CVC	1012	0.488100	0.511900	0.833000
CVH	1206	0.463500	0.536500	0.847400
CVS	1206	0.474300	0.525700	0.838300
CVX	1206	0.457700	0.542300	0.835800
DD	1206	0.466000	0.534000	0.825900
DELL	1205	0.483800	0.516200	0.830700
DE	1206	0.486700	0.513300	0.834200
DFS	1206	0.464300	0.535700	0.841600
DF	1206	0.476000	0.524000	0.826700
DGX	1206	0.472600	0.527400	0.826700
DHI	1206	0.501700	0.498300	0.837500
DHR	1206	0.480100	0.519900	0.829200
DISCA	1012	0.458500	0.541500	0.826100
DIS	1206	0.475100	0.524900	0.833300
DLTR	1012	0.477300	0.522700	0.816200
DNB	1018	0.455800	0.544200	0.821200
DNR	1012	0.488100	0.511900	0.830000
DO	1012	0.491100	0.508900	0.821100
DOV	1206	0.470100	0.529900	0.830800
DOW	1206	0.491700	0.508300	0.835800
DPS	1061	0.478800	0.521200	0.824700
DRI	1206	0.495900	0.504100	0.825000
DTE	1206	0.449400	0.550600	0.838300
DTV	1205	0.455600	0.544400	0.835700
D	1206	0.479300	0.520700	0.838300
DUK	1206	0.469300	0.530700	0.830000
DVA	1107	0.485100	0.514900	0.826600
DVN	1206	0.503300	0.496700	0.834200
EA	1012	0.489100	0.510900	0.845800
EBAY	1205	0.495400	0.504600	0.818300
ECL	1206	0.460200	0.539800	0.825900
ED	1206	0.480900	0.519100	0.830800
EFX	1206	0.481800	0.518200	0.843300
EIX	1206	0.482600	0.517400	0.835800
EL	1206	0.487600	0.512400	0.814300
EMC	1206	0.497500	0.502500	0.838300
EMN	1206	0.486700	0.513300	0.825000
EMR	1206	0.485100	0.514900	0.824200
EOG	1206	0.480100	0.519900	0.805100
EQR	1206	0.491700	0.508300	0.835800
EQT	1018	0.453800	0.546200	0.831000
ESRX	1205	0.490500	0.509500	0.819900
ESV	1206	0.495900	0.504100	0.846600
ETFC	1205	0.480500	0.519500	0.831500
ETN	1206	0.484200	0.515800	0.819200
ETR	1206	0.509100	0.490900	0.836700
EW	1012	0.474300	0.525700	0.833000
EXC	1206	0.510000	0.490000	0.829200
EXPD	1205	0.510400	0.489600	0.838200
EXPE	1205	0.484600	0.515400	0.821600
FAST	1074	0.463700	0.536300	0.820300
FCX	1206	0.498300	0.501700	0.844100
FDO	1206	0.482600	0.517400	0.849100
FDX	1206	0.487600	0.512400	0.829200
FE	1206	0.486700	0.513300	0.831700
FFIV	1012	0.493100	0.506900	0.828100
FHN	1206	0.481800	0.518200	0.814300
FIS	1206	0.467700	0.532300	0.822600
FISV	1205	0.455600	0.544400	0.832400
FITB	1205	0.479700	0.520300	0.835700
FLIR	1012	0.489100	0.510900	0.835000
FLR	1206	0.509100	0.490900	0.838300
FLS	1066	0.476500	0.523500	0.820800
FMC	1012	0.470400	0.529600	0.834000
FOSL	1012	0.471300	0.528700	0.826100
FRX	1206	0.469300	0.530700	0.830000
FSLR	1012	0.508900	0.491100	0.806300
FTI	1012	0.485200	0.514800	0.831000
FTR	1106	0.476500	0.523500	0.843600
F	1206	0.478400	0.521600	0.845800
GAS	1206	0.458500	0.541500	0.844100
GCI	1206	0.493400	0.506600	0.830000
GD	1206	0.497500	0.502500	0.828400
GE	1206	0.477600	0.522400	0.828400
GILD	1205	0.487100	0.512900	0.834000
GIS	1206	0.447800	0.552200	0.836700
GLW	1206	0.490000	0.510000	0.832500
GME	1206	0.476800	0.523200	0.826700
GNW	1206	0.483400	0.516600	0.838300
GOOG	1205	0.487100	0.512900	0.833200
GPC	1206	0.472600	0.527400	0.827500
GPS	1206	0.462700	0.537300	0.831700
GRMN	1012	0.469400	0.530600	0.820200
GS	1206	0.495900	0.504100	0.822600
GT	1206	0.491700	0.508300	0.830000
GWW	1206	0.466800	0.533200	0.819200
HAL	1206	0.487600	0.512400	0.841600
HAR	1206	0.505800	0.494200	0.824200
HAS	1206	0.483400	0.516600	0.828400
HBAN	1205	0.492100	0.507900	0.826600
HCBK	1205	0.483800	0.516200	0.834000
HCN	1012	0.450600	0.549400	0.831000
HCP	1182	0.459400	0.540600	0.817300
HD	1206	0.478400	0.521600	0.838300
HES	1206	0.491700	0.508300	0.819200
HIG	1206	0.494200	0.505800	0.840000
HNZ	1197	0.442800	0.557200	0.822900
HOG	1206	0.494200	0.505800	0.829200
HON	1206	0.489200	0.510800	0.844100
HOT	1206	0.486700	0.513300	0.831700
HPQ	1206	0.485100	0.514900	0.832500
HP	1012	0.479200	0.520800	0.834000
HRB	1206	0.473500	0.526500	0.840000
HRL	1012	0.427900	0.572100	0.838900
HRS	1075	0.470700	0.529300	0.824200
HSP	1206	0.490000	0.510000	0.843300
HST	1206	0.491700	0.508300	0.827500
HSY	1206	0.474300	0.525700	0.826700
HUM	1206	0.500000	0.500000	0.836700
IBM	1206	0.488400	0.511600	0.825900
ICE	1206	0.507500	0.492500	0.827500
IFF	1206	0.470100	0.529900	0.841600
IGT	1206	0.527400	0.472600	0.830000
INTC	1205	0.463100	0.536900	0.838200
INTU	1205	0.480500	0.519500	0.835700
IPG	1206	0.501700	0.498300	0.831700
IP	1206	0.480900	0.519100	0.826700
IRM	1012	0.488100	0.511900	0.836000
IR	1206	0.469300	0.530700	0.840000
ISRG	1140	0.502600	0.497400	0.821900
ITW	1206	0.484200	0.515800	0.841600
IVZ	1092	0.471600	0.528400	0.828800
JBL	1206	0.484200	0.515800	0.838300
JCI	1206	0.478400	0.521600	0.830000
JCP	1206	0.514100	0.485900	0.837500
JDSU	1205	0.495400	0.504600	0.834900
JEC	1206	0.490900	0.509100	0.846600
JNJ	1206	0.485100	0.514900	0.830000
JNPR	1205	0.507100	0.492900	0.829900
JOY	1012	0.483200	0.516800	0.826100
JPM	1206	0.505000	0.495000	0.833300
JWN	1206	0.479300	0.520700	0.833300
KEY	1206	0.476800	0.523200	0.831700
KLAC	1205	0.486300	0.513700	0.824100
KMB	1206	0.449400	0.550600	0.829200
KMX	1012	0.475300	0.524700	0.835000
KO	1206	0.466800	0.533200	0.812600
KR	1206	0.470100	0.529900	0.830000
KSS	1206	0.510800	0.489200	0.840000
K	1206	0.476800	0.523200	0.829200
LEG	1206	0.466800	0.533200	0.822600
LEN	1206	0.506600	0.493400	0.838300
LH	1206	0.468500	0.531500	0.839100
LIFE	1035	0.486000	0.514000	0.818400
LLL	1206	0.489200	0.510800	0.823400
LLTC	1205	0.497100	0.502900	0.824100
LLY	1206	0.453600	0.546400	0.844100
LMT	1206	0.493400	0.506600	0.820100
LM	1206	0.488400	0.511600	0.828400
LNC	1206	0.483400	0.516600	0.828400
LO	1129	0.465000	0.535000	0.833500
LOW	1206	0.492500	0.507500	0.840000
LRCX	1012	0.499000	0.501000	0.822100
LSI	1206	0.485900	0.514100	0.837500
LTD	1206	0.477600	0.522400	0.830000
L	1130	0.484100	0.515900	0.828300
LUK	1206	0.487600	0.512400	0.811800
LUV	1206	0.479300	0.520700	0.827500
MAR	1206	0.489200	0.510800	0.843300
MAS	1206	0.485900	0.514100	0.837500
MAT	1206	0.465200	0.534800	0.838300
MA	1107	0.467900	0.532100	0.836500
MCD	1206	0.446900	0.553100	0.831700
MCHP	1205	0.488000	0.512000	0.841500
MCK	1206	0.484200	0.515800	0.827500
MCO	1206	0.477600	0.522400	0.838300
MDLZ	1012	0.445700	0.554300	0.818200
MDT	1206	0.476800	0.523200	0.833300
MET	1206	0.499200	0.500800	0.826700
MHP	1180	0.483100	0.516900	0.828000
MJN	988	0.466600	0.533400	0.821900
MKC	1206	0.444400	0.555600	0.840000
MMC	1206	0.479300	0.520700	0.831700
MMM	1206	0.473500	0.526500	0.825900
MNST	1172	0.494900	0.505100	0.835300
MOLX	1205	0.463900	0.536100	0.852300
MON	1206	0.486700	0.513300	0.830000
MOS	1012	0.514800	0.485200	0.830000
MO	1206	0.441100	0.558900	0.831700
MRK	1206	0.490900	0.509100	0.816700
MRO	1206	0.480900	0.519100	0.829200
MSFT	1205	0.491300	0.508700	0.829000
MSI	1012	0.480200	0.519800	0.833000
MS	1206	0.510800	0.489200	0.832500
MTB	1206	0.487600	0.512400	0.836700
M	1206	0.474300	0.525700	0.845800
MUR	1206	0.485900	0.514100	0.832500
MU	1206	0.483400	0.516600	0.823400
MWV	1206	0.459400	0.540600	0.824200
MYL	1206	0.466800	0.533200	0.826700
NBL	1206	0.476000	0.524000	0.836700
NBR	1206	0.490900	0.509100	0.842500
NDAQ	1041	0.464900	0.535100	0.828000
NEE	1012	0.470400	0.529600	0.826100
NEM	1206	0.513300	0.486700	0.845800
NE	1206	0.498300	0.501700	0.835800
NFLX	1012	0.487200	0.512800	0.828100
NFX	1012	0.499000	0.501000	0.840900
NI	1206	0.460200	0.539800	0.852400
NKE	1206	0.481800	0.518200	0.835800
NOC	1206	0.471800	0.528200	0.833300
NOV	1206	0.481800	0.518200	0.820100
NRG	1012	0.492100	0.507900	0.848800
NSC	1206	0.478400	0.521600	0.848300
NTAP	1205	0.486300	0.513700	0.844800
NTRS	1205	0.492100	0.507900	0.834000
NUE	1206	0.483400	0.516600	0.829200
NU	1012	0.468400	0.531600	0.847800
NVDA	1205	0.496300	0.503700	0.825700
NWL	1206	0.463500	0.536500	0.839100
NWSA	1015	0.478800	0.521200	0.846300
NYX	1206	0.500800	0.499200	0.836700
OI	1012	0.490100	0.509900	0.822100
OKE	1012	0.456500	0.543500	0.838900
OMC	1206	0.471000	0.529000	0.836700
ORCL	1205	0.488000	0.512000	0.843200
ORLY	1012	0.464400	0.535600	0.824100
OXY	1206	0.485900	0.514100	0.832500
PAYX	1205	0.463900	0.536100	0.835700
PBCT	1041	0.470700	0.529300	0.837700
PBI	1206	0.488400	0.511600	0.840000
PCAR	1205	0.494600	0.505400	0.829900
PCG	1206	0.470100	0.529900	0.839100
PCLN	1012	0.458500	0.541500	0.835000
PCL	1206	0.470100	0.529900	0.838300
PCP	1206	0.503300	0.496700	0.843300
PCS	979	0.471900	0.528100	0.827400
PDCO	1205	0.483800	0.516200	0.828200
PEG	1080	0.496300	0.503700	0.845400
PEP	1206	0.495900	0.504100	0.833300
PETM	1012	0.475300	0.524700	0.826100
PFE	1206	0.499200	0.500800	0.830000
PFG	1206	0.471000	0.529000	0.835800
PGR	1206	0.473500	0.526500	0.832500
PG	1206	0.466800	0.533200	0.826700
PHM	1206	0.505000	0.495000	0.845800
PH	1206	0.495900	0.504100	0.835000
PKI	1206	0.489200	0.510800	0.841600
PLD	1206	0.474300	0.525700	0.835800
PLL	1206	0.485100	0.514900	0.827500
PM	1181	0.476700	0.523300	0.828100
PNC	1206	0.494200	0.505800	0.823400
PNR	1012	0.488100	0.511900	0.838900
PNW	1206	0.480100	0.519900	0.837500
POM	1206	0.474300	0.525700	0.832500
PPG	1206	0.470100	0.529900	0.836700
PPL	1206	0.480900	0.519100	0.819200
PRGO	1012	0.465400	0.534600	0.843900
PRU	1206	0.488400	0.511600	0.830000
PSA	1206	0.462700	0.537300	0.830000
PWR	1012	0.479200	0.520800	0.834000
PXD	1071	0.484600	0.515400	0.836600
PX	1206	0.479300	0.520700	0.832500
QCOM	1205	0.503700	0.496300	0.815800
RAI	1206	0.466000	0.534000	0.832500
RDC	1206	0.490000	0.510000	0.840800
RF	1206	0.475100	0.524900	0.826700
RHI	1206	0.492500	0.507500	0.837500
RHT	1012	0.472300	0.527700	0.840900
RL	1206	0.480900	0.519100	0.825900
ROK	1206	0.480100	0.519900	0.824200
ROP	1012	0.463400	0.536600	0.830000
ROST	1012	0.476300	0.523700	0.830000
RRC	1206	0.484200	0.515800	0.835000
RSG	1018	0.456800	0.543200	0.831000
RTN	1206	0.492500	0.507500	0.823400
R	1206	0.466800	0.533200	0.830800
SAI	1012	0.469400	0.530600	0.837900
SBUX	1205	0.480500	0.519500	0.823200
SCG	1012	0.478300	0.521700	0.829100
SCHW	1205	0.502900	0.497100	0.823200
SEE	1206	0.479300	0.520700	0.839100
SE	1206	0.460200	0.539800	0.840000
SHW	1206	0.468500	0.531500	0.840000
SIAL	1205	0.481300	0.518700	0.839800
SJM	1042	0.452000	0.548000	0.814800
SLB	1206	0.494200	0.505800	0.840000
SLM	1206	0.472600	0.527400	0.829200
SNA	1206	0.480100	0.519900	0.847400
SNDK	1205	0.494600	0.505400	0.839800
SNI	1124	0.471500	0.528500	0.837200
SO	1206	0.476800	0.523200	0.840800
SPG	1206	0.464300	0.535700	0.835000
SPLS	1205	0.471400	0.528600	0.828200
SRCL	1035	0.471500	0.528500	0.836700
SRE	1206	0.479300	0.520700	0.832500
STI	1206	0.491700	0.508300	0.832500
STJ	1206	0.479300	0.520700	0.822600
STT	1206	0.503300	0.496700	0.830800
S	1206	0.498300	0.501700	0.825000
STX	1012	0.486200	0.513800	0.836000
STZ	1206	0.476800	0.523200	0.824200
SWK	1206	0.501700	0.498300	0.825900
SWN	1141	0.507400	0.492600	0.827300
SWY	1206	0.465200	0.534800	0.835000
SYK	1206	0.478400	0.521600	0.836700
SYMC	1205	0.486300	0.513700	0.829000
SYY	1206	0.459400	0.540600	0.820900
TAP	1206	0.494200	0.505800	0.833300
TDC	1206	0.471000	0.529000	0.827500
TEG	1206	0.471800	0.528200	0.823400
TEL	1206	0.505000	0.495000	0.834200
TER	1206	0.492500	0.507500	0.834200
TE	1206	0.460200	0.539800	0.825000
TGT	1206	0.492500	0.507500	0.834200
THC	1206	0.491700	0.508300	0.822600
TIF	1206	0.497500	0.502500	0.842500
TJX	1206	0.473500	0.526500	0.843300
TMK	1206	0.464300	0.535700	0.840000
TMO	1206	0.485900	0.514100	0.834200
TROW	1205	0.502900	0.497100	0.834000
TRV	1206	0.463500	0.536500	0.843300
TSN	1206	0.456900	0.543100	0.833300
TSO	1206	0.473500	0.526500	0.835000
TSS	1206	0.468500	0.531500	0.831700
T	1206	0.475100	0.524900	0.837500
TWC	1012	0.473300	0.526700	0.817200
TWX	1206	0.486700	0.513300	0.820100
TXN	1206	0.480100	0.519900	0.832500
TXT	1206	0.500000	0.500000	0.830800
TYC	1206	0.485100	0.514900	0.838300
UNH	1206	0.472600	0.527400	0.820100
UNM	1206	0.471800	0.528200	0.827500
UNP	1206	0.476000	0.524000	0.814300
UPS	1206	0.488400	0.511600	0.820100
URBN	1012	0.483200	0.516800	0.835000
USB	1206	0.500800	0.499200	0.833300
UTX	1206	0.492500	0.507500	0.841600
VAR	1206	0.478400	0.521600	0.832500
VFC	1206	0.490900	0.509100	0.841600
VIAB	1012	0.455500	0.544500	0.841900
VLO	1206	0.490900	0.509100	0.846600
VMC	1206	0.486700	0.513300	0.839100
VNO	1206	0.479300	0.520700	0.840000
VRSN	1205	0.477200	0.522800	0.831500
VTR	1012	0.456500	0.543500	0.836000
V	1012	0.469400	0.530600	0.837900
VZ	1206	0.471000	0.529000	0.832500
WAG	1206	0.496700	0.503300	0.826700
WAT	1206	0.467700	0.532300	0.833300
WDC	1012	0.486200	0.513800	0.827100
WEC	1042	0.449100	0.550900	0.840700
WFC	1206	0.508300	0.491700	0.822600
WFM	1012	0.463400	0.536600	0.841900
WHR	1206	0.506600	0.493400	0.831700
WIN	1206	0.453600	0.546400	0.849900
WLP	1206	0.486700	0.513300	0.830800
WMB	1206	0.462700	0.537300	0.840000
WMT	1206	0.465200	0.534800	0.825000
WM	1148	0.481700	0.518300	0.838000
WPI	1112	0.483800	0.516200	0.828200
WPO	1206	0.488400	0.511600	0.842500
WU	1206	0.480900	0.519100	0.820100
WYNN	1041	0.507200	0.492800	0.834800
WYN	1206	0.491700	0.508300	0.836700
WY	1206	0.472600	0.527400	0.832500
XEL	1206	0.474300	0.525700	0.822600
XLNX	1205	0.491300	0.508700	0.834000
XL	1206	0.487600	0.512400	0.833300
XOM	1206	0.494200	0.505800	0.840800
XRAY	1041	0.471700	0.528300	0.836700
XRX	1206	0.485900	0.514100	0.837500
X	1206	0.504100	0.495900	0.836700
YHOO	1205	0.492100	0.507900	0.833200
YUM	1206	0.480100	0.519900	0.835800
ZION	1205	0.496300	0.503700	0.834900
ZMH	1206	0.478400	0.521600	0.824200
